847 892
687 947
946 960
389 918
760 958
256 477
492 996
558 758
458 817
250 781
124 786
878 951
714 829
603 912
936 984
417 796
692 783
796 810
508 866
336 753
848 963
197 549
284 337
15 990
216 693
195 227
394 895
723 806
827 923
472 814
595 816
806 836
888 926
92 531
691 754
789 912
724 849
260 478
792 810
260 652
684 966
248 517
558 892
778 915
99 606
29 167
786 893
945 951
18 502
615 685
209 600
373 432
479 541
609 687
193 738
910 991
694 966
45 939
40 545
498 963
187 932
332 412
719 902
316 440
746 952
216 404
217 612
937 968
867 962
416 962
180 711
162 900
236 740
990 997
619 630
483 812
843 971
232 551
917 993
165 238
584 958
540 814
721 936
761 821
981 983
250 782
186 946
609 694
638 691
27 543
940 963
795 891
607 954
810 997
983 986
208 787
848 912
238 961
166 311
738 882
