82
3528.90
7459.11
940.02
2302.23
9138.68
1623.50
3735.48
7399.26
1153.09
9231.69
9352.15
3464.42
6701.04
3295.97
8567.93
4271.20
8221.28
5267.54
9883.67
7861.89
9914.24
3626.68
670.24
5101.22
2683.14
4112.47
8164.94
4822.53
1060.64
4182.42
2616.81
3884.26
5344.16
2741.98
7897.63
8618.25
3297.66
3918.71
7195.66
7582.57
5671.45
7209.41
111.14
5215.75
956.79
4264.49
1102.20
6193.58
7392.31
7989.12
218.25
1064.16
4598.86
2661.04
4243.46
3410.23
6315.07
4049.19
7499.06
6472.49
7674.19
7754.97
5771.51
5255.55
1092.82
8409.42
7199.18
6803.37
83.15
5196.95
9927.18
3028.54
8753.91
3222.92
6297.15
4446.20
192.75
312.29
7051.02
9915.78
739.41
4265.89
164
3331.28
936.87
2786.68
7706.06
7703.65
1916.07
3127.93
8941.61
5608.23
7512.82
8949.46
757.41
1168.03
4574.21
366.30
8889.65
7035.51
3883.84
9239.10
9466.61
2924.08
1773.94
4420.43
6837.05
3614.38
2807.18
1999.79
3184.06
785.77
9568.52
9178.99
2346.80
7049.26
9429.53
9885.22
6060.76
3015.21
5612.65
7749.66
5714.10
728.11
1626.39
1834.67
8350.90
4234.19
2454.31
1202.89
7590.82
1089.95
1209.24
1839.11
339.79
6225.67
7412.32
8843.70
9508.27
1483.06
8884.05
5528.77
3707.10
3370.30
7357.76
911.70
3237.90
6916.37
2417.06
6991.20
223.02
2043.24
5945.92
5517.25
923.88
8467.75
1848.51
1167.88
3075.61
6939.17
2886.63
9092.87
7228.10
5536.69
7792.03
1679.53
1840.39
4998.28
9693.99
3671.76
9347.29
2615.36
8867.66
9994.85
8128.50
9373.92
4022.89
4901.42
693.48
4800.62
2138.10
9484.13
5287.91
1712.29
5178.04
1858.13
9273.44
2881.25
6053.23
7088.78
2182.29
907.42
6672.21
3449.15
2359.00
4508.07
8854.51
6089.87
8035.14
449.63
7814.07
6472.42
4909.70
2691.19
6651.34
5772.86
2602.31
4503.35
5221.86
7249.37
390.42
6667.54
4453.08
7663.17
3523.63
4930.01
6887.74
2154.71
9121.25
3042.91
325.72
3446.20
605.08
7614.65
5958.63
2337.53
1103.08
7036.71
7539.03
6687.74
4995.56
6659.71
8752.91
4461.61
7381.84
4644.05
2080.20
9034.90
9747.89
9277.01
1698.30
2388.14
6445.75
6578.31
3231.80
1704.79
7091.48
15
4854.89
4382.61
9894.20
3969.08
3047.08
4757.65
6894.50
5545.16
5478.13
6648.11
4673.54
3963.82
6502.57
9902.92
256.29
13
3680.20
6770.56
7544.00
618.12
7867.90
7401.33
1946.16
8780.05
3664.20
7.04
1123.98
2758.15
404.94
76
5492.52
466.02
8234.17
7256.75
9851.55
5860.47
5893.16
6801.65
5126.90
8794.39
1324.76
6024.57
8510.31
9417.72
7675.34
7384.06
9499.95
8282.01
3148.15
4720.71
5585.18
4745.64
5927.59
1724.50
3112.29
6364.59
5221.60
6235.27
8646.02
735.10
6679.78
3893.13
2740.68
7061.53
8017.75
8885.18
9200.49
6664.69
6747.48
5842.90
7790.52
2116.86
2270.59
1551.25
14.76
1862.78
5183.45
1288.37
5468.59
7516.01
6073.72
5106.53
8769.40
1744.67
8116.76
9005.32
3945.11
6295.25
3823.32
4082.90
8099.62
8549.02
7919.81
9756.74
9262.48
5641.11
9787.08
930.82
3563.21
2959.11
9528.17
1490.24
4648.10
7419.41
8621.03
198.01
54
9718.56
6435.61
9454.00
4101.67
6478.62
7509.94
1486.09
1953.58
6337.09
6396.32
1442.64
5652.93
340.06
9772.80
8139.65
451.42
9030.96
2188.56
3511.53
3523.35
7217.28
7753.72
3280.87
2795.60
4154.07
5929.02
8187.45
2576.03
6699.70
3609.15
6022.98
8058.29
6549.40
6373.99
5455.31
2900.65
8890.50
206.24
8479.47
5957.01
8486.93
7403.59
6615.44
7156.06
3306.66
762.97
8531.51
4660.51
4152.85
2457.38
2482.50
8380.45
8428.60
5089.24
158
157.49
5016.36
4074.56
336.83
1380.12
6430.08
2329.09
3132.98
1241.21
824.20
9888.99
8540.88
6520.10
5323.51
4957.92
4074.96
8782.34
9459.08
6439.47
3797.83
765.75
2523.79
6454.20
9135.16
7893.59
6447.45
9977.38
3656.42
7162.05
9663.75
5544.14
1136.41
6834.36
1513.04
9089.21
6055.61
587.89
8386.78
3208.56
5401.96
7059.81
5246.54
7398.24
8454.39
4585.40
797.40
4744.61
4943.10
4688.15
3698.18
5869.59
1406.85
1339.85
6268.14
8091.27
5050.16
4841.68
2498.70
3315.30
5319.19
4473.55
8380.95
1355.93
6672.82
6810.80
4975.58
580.53
4565.20
2217.40
1924.32
7020.34
7947.02
9797.44
655.20
8589.53
138.33
6736.95
71.88
7657.81
9758.52
6113.10
1527.97
2939.60
583.12
3914.89
6136.41
8159.49
4329.05
1138.40
3502.25
8053.60
1075.84
6729.98
2622.64
2446.16
5469.14
7095.33
9584.24
2036.42
2213.18
4522.70
2695.36
8432.91
5362.43
739.82
9494.85
9327.86
3320.40
9901.05
5634.01
3617.55
5529.56
3451.60
7670.84
2004.41
9904.29
4814.82
8362.85
5079.80
8965.16
5879.80
7896.44
2154.51
1253.49
7415.09
9725.52
1906.61
6350.09
8296.94
8172.88
7136.55
2128.17
1715.83
2815.77
5100.08
1711.39
2120.55
3857.17
6726.56
1982.92
2787.23
3380.85
9878.01
1935.77
7681.08
587.75
6171.65
6231.26
1236.24
9081.94
7942.95
138.28
8245.76
1063.53
1988.12
6687.02
2067.05
5225.88
57
5045.75
553.09
1354.01
7977.71
2507.49
4665.30
7475.05
9289.75
7275.55
7668.40
3092.25
7382.47
8714.85
2612.19
997.44
322.30
8673.18
840.82
7638.46
3359.01
6687.24
4310.27
8536.49
6282.79
2718.17
3222.94
7101.21
4024.67
9887.60
7990.61
6960.24
1096.53
2415.74
9809.34
4964.13
213.28
8537.63
7571.30
2992.04
7051.65
7062.45
4755.97
5990.23
3775.12
8946.75
9050.31
4030.14
3546.25
807.37
9362.32
1062.02
1765.81
6769.69
640.92
9231.02
9888.55
4025.83
117
7664.48
7190.72
8593.99
3695.91
9361.32
282.75
3181.21
9450.50
829.43
106.77
2947.52
5617.27
1315.98
9924.24
6070.70
3150.01
2533.39
3830.09
68.52
410.72
4655.24
4731.27
7134.38
5251.26
9777.64
9758.53
9594.93
7320.03
3030.46
3656.24
1852.58
8040.35
2877.83
889.55
6706.75
3063.83
2949.30
1748.39
164.64
2283.37
5851.82
8499.40
194.65
8598.21
5972.86
4180.58
6312.96
5363.33
218.42
8646.31
429.96
7040.90
8142.84
6306.27
6549.43
121.00
2005.87
5170.43
1275.69
5418.81
2204.13
2479.09
6737.03
5816.39
9317.71
3685.49
7605.11
9237.91
4018.43
6845.62
9037.49
7871.01
4415.20
6691.77
9283.94
5525.44
4457.06
2613.31
596.81
3608.19
9949.10
3387.50
3224.10
6956.90
2016.17
2398.67
7423.45
7077.64
3710.01
9015.24
7431.43
6955.91
9415.09
1177.05
3499.77
7232.19
65.32
7652.40
4846.82
3242.76
9518.90
5083.98
8575.61
218.60
9112.11
9239.56
219.52
5207.97
2068.35
3858.71
8063.38
8351.29
6499.22
6337.68
253.39
8700.07
2906.06
173
4987.39
5456.67
7857.93
8614.91
5831.43
342.08
1654.77
4465.36
7035.91
707.46
1829.73
3386.18
5250.68
2329.17
2134.04
3640.00
1422.49
810.85
4790.65
8663.30
9089.21
7810.44
2194.14
4259.77
6483.75
3470.38
8545.85
1120.64
578.70
6420.38
6100.87
6367.14
1724.40
3411.15
9504.16
5141.40
170.76
9301.31
3122.86
1962.19
7365.48
5939.33
4141.30
681.35
9361.94
3045.63
552.90
3155.81
360.29
2001.01
921.73
7072.24
6781.89
2387.56
8037.15
7268.36
6313.25
3012.29
3272.93
7083.65
9051.10
2186.30
2791.63
4096.29
5769.78
3351.51
1692.25
572.57
9979.03
268.68
2052.66
3235.29
8941.51
3336.19
5615.40
9871.67
4300.51
4036.56
9938.01
4826.88
5088.78
5751.36
7286.65
9702.21
6337.66
5395.19
788.23
5386.45
1503.54
4552.67
545.16
2845.01
9726.49
521.21
12.55
1474.40
2318.78
5236.79
7177.58
9062.12
1661.95
3264.62
6481.56
7887.81
9216.11
2553.14
2286.46
8834.82
3992.00
3566.96
7588.58
3778.77
4511.93
2725.34
7984.95
5367.64
3930.79
5177.97
9244.67
9646.43
2072.48
4157.25
1652.19
8005.88
9162.98
166.44
8276.83
503.40
3042.13
2717.62
970.28
7723.57
5675.68
1245.87
3966.97
5683.06
1464.19
5129.05
3012.35
661.24
1781.50
6773.74
8798.94
3732.95
9532.48
6731.21
8762.59
8827.54
8485.55
7433.43
5873.69
1630.39
3431.82
7944.58
7623.12
8026.03
4601.21
8070.81
1907.75
1159.92
8509.50
7130.58
8698.67
1828.32
4834.09
2932.85
247.52
1708.41
6865.10
6225.16
6949.03
6986.88
430.29
190
7912.29
7961.74
1354.22
9517.28
2660.50
65.60
4924.74
6652.80
4321.29
3028.58
7472.71
5250.44
2111.38
7263.68
2027.31
606.77
7065.10
2369.80
8620.71
4344.27
5792.82
9417.78
8748.68
4113.75
1849.51
1578.24
842.01
465.16
8095.51
1990.09
4495.22
717.16
9569.85
1532.21
292.10
918.69
8983.33
5484.37
6051.16
8538.22
3366.45
7736.90
409.05
8393.77
3849.80
5179.46
9118.81
7013.07
2466.96
6771.51
6044.70
9456.86
2488.63
329.55
9401.46
2425.05
7638.80
1675.94
8659.19
6876.97
1909.19
2052.64
91.04
7520.49
5155.18
9839.25
90.17
9355.79
588.59
6013.44
8061.80
8396.70
2320.55
1493.36
2378.60
4044.16
3676.11
704.36
8073.33
64.02
7806.71
4268.74
7666.43
4345.19
9651.99
4637.67
2850.54
608.73
4317.91
9434.97
5277.00
7935.98
8991.46
6084.64
7035.46
2722.07
9433.94
8427.63
2747.32
7684.00
4496.13
7131.76
4694.88
510.46
2872.21
4053.77
3801.92
1190.89
1128.70
9771.79
3320.01
8965.29
4865.40
9371.98
9041.50
3065.53
423.46
5506.93
2068.57
3245.90
868.44
8658.99
4464.79
7709.90
843.59
1513.68
8377.02
5017.21
2388.89
9103.14
8850.85
9395.34
817.80
5803.91
5009.70
3483.96
2377.35
8906.33
3499.18
713.56
5612.66
1013.67
9113.86
9476.33
6319.47
7329.26
6858.63
105.78
2683.13
1461.22
5914.04
1967.11
6938.86
4881.06
2171.53
4105.14
2692.98
937.94
2305.85
7738.57
1250.24
7332.81
8417.83
171.44
5007.62
9330.59
9799.27
6567.42
3594.63
5525.40
3564.65
1554.27
7136.22
4620.62
2012.85
6259.24
7243.67
4045.80
4409.91
6489.34
7335.88
3066.01
9235.26
4139.16
177.57
5761.89
9154.31
214.81
8389.73
4443.40
111
4193.46
7721.28
5934.17
7244.29
9788.17
8432.07
1113.02
1635.84
1956.95
5866.16
9164.23
5999.18
8491.36
1617.43
9366.16
3237.84
2454.32
4309.45
4792.90
5068.92
8730.44
7416.84
9024.79
9107.33
28.53
7511.29
1527.15
7864.62
9768.18
2373.44
2585.09
4537.44
2727.57
5399.35
53.58
3762.20
9371.76
2260.79
8331.50
3549.13
8071.23
2743.55
3186.89
6100.32
6514.73
5761.14
2795.04
5915.30
1482.14
7678.50
6705.72
8776.61
5641.14
3017.30
6689.68
2201.75
3441.25
5368.72
443.87
8592.46
1681.84
3710.46
5032.44
5483.92
6515.35
2392.10
8433.65
1404.30
9006.58
9677.61
6537.98
1337.46
8804.70
1059.24
8939.10
7610.37
6802.67
6506.38
9575.57
2202.90
6072.10
591.70
70.29
6535.02
7989.80
7030.84
1986.01
8288.99
839.53
3849.58
4335.85
9868.26
8712.30
7201.28
9878.61
4806.21
3076.87
4129.10
5969.66
1476.67
694.37
1411.86
6162.74
4511.62
3757.42
6443.18
8158.25
4622.19
9300.33
43.99
3016.05
162
9517.71
1653.38
3399.42
7908.79
6011.15
6719.78
3751.05
4873.76
3934.72
9838.93
9138.20
8122.61
5210.22
6558.42
8614.03
8461.24
8521.34
1368.71
2555.12
1539.25
1665.16
9589.93
5935.07
871.63
4441.37
284.81
2922.42
5242.84
6899.70
5404.53
4745.24
1327.99
4158.26
4810.88
7297.80
6534.54
9767.97
6101.99
7486.71
7963.13
757.05
4066.76
5490.88
1603.78
8976.16
4654.46
1763.82
9050.75
1517.11
8400.31
3216.32
4293.98
3039.63
4907.30
8218.08
9716.27
1463.42
3140.32
8138.49
2015.04
6221.14
7616.59
7556.92
6125.98
2087.18
2029.37
2116.12
8637.98
7364.23
4157.96
3526.36
3967.53
201.77
7113.01
4371.34
3553.09
2217.96
5840.50
189.44
4411.77
1988.28
6441.80
4535.98
1980.95
8843.11
2120.71
1257.53
8685.40
7684.79
9585.28
1569.27
4096.40
9996.56
5435.36
6418.49
1885.90
3086.90
3662.06
4394.21
9558.89
6009.87
3858.22
4615.73
7734.44
5051.95
9357.73
2766.20
9638.11
6609.61
5334.89
7054.25
8589.74
9537.84
7232.44
2365.98
1282.20
371.12
8860.77
3344.70
9235.14
2357.10
9512.53
6399.78
6196.50
6054.02
8641.47
2643.62
8702.96
4790.28
1515.69
7093.29
3283.88
937.13
7011.04
7907.83
1714.98
8477.79
9876.74
4382.03
4643.55
7451.71
682.27
5453.30
194.61
6597.41
1821.03
5829.10
3733.45
906.44
2764.80
3893.44
5745.84
1234.98
875.43
1342.46
9271.82
7904.02
9910.28
6229.00
5995.88
68.64
9611.34
148
9987.01
7168.42
9930.47
6371.91
1263.28
9012.52
9282.43
395.15
3420.16
1933.50
282.93
6707.02
3139.61
1303.51
9549.33
2609.89
6643.58
5787.86
1930.06
6431.08
3262.83
7665.24
8876.37
3281.59
7978.38
1927.33
6251.30
1355.14
8812.18
6646.28
7640.52
5623.21
6578.17
9135.77
4924.69
4616.58
1068.69
9004.85
1510.03
5240.51
1091.26
6496.44
3992.47
4319.07
4762.89
5100.39
2230.83
534.51
9521.90
2830.29
3687.18
8503.64
8870.10
9652.63
6600.65
7456.65
9882.26
6164.28
5018.10
51.22
4016.18
3941.66
2116.61
4620.52
5259.30
3151.85
2604.66
4126.90
7720.77
1548.00
9549.07
2439.63
7517.16
8299.38
791.81
8598.24
6332.04
69.48
8524.87
439.74
1013.34
8096.65
6694.04
3494.88
1696.60
7902.09
2095.59
184.83
1427.96
5705.77
9488.38
9023.98
1359.89
2135.01
221.62
7359.68
5088.38
7732.51
13.07
2915.55
3407.08
885.25
120.20
5467.61
1017.43
5785.25
8527.44
6944.36
931.29
985.31
3506.01
5330.98
1341.33
2021.15
1349.86
9359.60
6555.55
9837.66
6895.09
9122.54
5664.50
9685.71
9014.47
4650.74
4436.67
8462.67
1348.21
5009.66
1551.35
6770.95
9573.64
4588.09
5743.84
1292.10
2297.33
8659.19
6350.91
3349.34
722.07
4798.37
3731.61
7098.06
8428.74
829.32
5258.54
884.27
3529.64
9270.85
31
4597.86
989.33
6066.00
6729.38
4875.09
8744.07
1136.44
6517.72
5737.84
1337.10
6124.60
9141.67
563.40
3860.72
1822.30
8739.39
9434.97
5075.08
3153.88
1953.58
5109.14
5455.55
2256.35
9643.64
8642.68
5687.52
1907.71
505.50
8639.18
6638.90
9181.31
13
4007.71
9239.92
7290.95
6090.34
877.63
3911.34
6834.72
6271.39
8097.97
4409.68
3399.43
1947.85
9686.36
76
9261.50
9890.36
5206.49
8881.54
2880.17
1434.21
2775.73
1316.06
1347.67
3353.35
3074.51
3972.09
916.16
6776.88
4089.80
6988.76
7298.69
4865.05
4527.25
4240.30
6431.31
5544.93
1926.91
3698.26
3733.09
8365.27
8978.73
7796.08
4214.66
7248.68
6725.46
7024.56
822.01
8410.83
6037.28
6036.32
5578.77
4327.85
2626.75
5421.70
8977.20
6740.55
6031.50
8618.14
1895.98
195.74
8420.42
7491.31
475.18
480.80
5176.67
621.48
4897.01
1977.89
285.12
9666.39
5102.21
3951.13
6314.45
4058.41
9970.14
7116.36
855.80
6213.77
6414.65
9594.15
9684.37
5153.93
3864.91
1107.11
6580.92
8512.34
531.54
8680.29
2023.03
2153.24
5
8295.52
8076.83
4675.28
2510.99
9128.17
5
5803.04
4830.82
8876.37
6243.40
3758.81
191
6032.67
9965.25
6109.42
9207.95
3027.37
273.93
1035.79
3080.28
307.64
496.15
4492.51
1329.75
7451.29
2374.13
2111.76
9149.39
2226.91
9845.22
38.16
4300.72
509.79
7999.08
4022.05
9371.92
9586.92
5133.17
2189.53
9604.28
9602.91
9723.69
872.51
3794.62
4716.03
6370.59
9926.40
9524.32
8481.19
7481.34
72.84
5539.46
620.10
4153.91
9247.79
8680.80
2773.27
7837.09
2760.18
5655.91
4181.07
7722.84
6603.41
9140.22
9169.95
205.76
8621.96
6321.06
3514.37
279.19
5812.08
6852.62
7426.29
8482.14
1001.00
7214.72
7343.19
5429.55
9960.42
3270.61
4626.83
2419.55
2901.91
1156.09
6562.14
5889.87
7792.43
4921.44
8004.25
4274.54
8317.01
4161.18
2039.50
3177.79
6181.14
5432.22
6010.58
2729.83
6150.94
1964.45
8147.05
4919.13
6415.43
9048.88
7310.15
7914.13
5947.25
9746.06
8508.12
4607.50
2240.90
2043.38
3897.16
8456.71
5606.47
4315.17
9019.26
7181.85
1860.67
8569.48
7636.29
3946.01
1333.98
8322.68
3327.54
2624.13
4432.37
505.92
9182.77
3906.06
9167.43
4210.88
7635.30
8930.20
3990.15
6616.92
4459.42
7460.82
5606.99
1555.50
4955.79
5269.45
175.48
4963.48
6651.10
6225.83
2108.61
5214.64
3757.84
5924.47
5678.24
3914.79
1022.67
6648.18
4498.58
3271.92
2314.59
5689.67
4869.53
1337.76
5775.10
7010.02
3729.63
3145.75
8010.61
7808.24
6750.32
8583.66
4624.64
8617.26
8822.25
1433.73
363.94
6239.91
8045.18
5744.25
5823.51
314.50
6321.44
8071.19
7583.87
5076.93
9037.64
7315.97
7936.03
398.75
3147.75
8205.04
9112.28
9264.12
5574.22
2889.13
4842.55
248.55
1333.10
5818.95
785.73
2428.77
5556.38
5770.23
1163.96
9542.05
3805.29
197
5007.71
9589.36
7194.88
3548.73
4583.03
3806.28
121.77
3740.25
5634.52
4787.31
9318.68
8536.15
3384.40
1221.94
9851.94
4637.51
6155.49
6273.82
1110.45
2733.20
5943.19
7101.97
9168.57
7946.81
187.70
4784.53
9783.38
1522.31
3863.06
1268.65
3132.74
628.36
5307.08
3647.22
9919.17
2636.00
1997.64
5673.49
2143.20
1749.98
4802.49
2993.48
7454.41
2117.78
6684.94
7035.49
6069.51
5322.92
7066.20
4183.04
4633.03
6970.66
8182.65
2017.64
3700.17
7528.18
9023.59
4699.75
9634.52
4979.46
4512.88
518.09
8310.18
9644.50
8257.06
8241.40
6043.41
5796.50
1708.08
6021.72
2389.39
6749.29
8293.27
9500.56
2842.27
3796.50
9795.57
639.23
5871.34
8835.77
2900.13
8221.77
5191.36
2434.70
4766.43
6455.24
2563.92
5374.47
8179.14
2520.80
9899.99
1883.52
4245.07
4113.43
8906.93
6544.54
5740.79
7164.47
7200.21
6576.49
8609.03
4185.85
7667.79
4370.00
6315.05
8534.90
2200.62
6954.10
9904.38
6805.28
6735.83
4818.36
776.16
4340.18
5228.54
184.89
8060.03
283.58
9786.54
7553.81
4750.12
2783.57
161.14
7926.11
7625.32
9995.63
1261.19
3484.49
3725.37
2866.32
3801.13
5291.54
8538.17
4677.54
2843.54
1503.02
7901.61
4774.70
7370.53
4110.51
1276.88
8469.69
2414.23
4891.79
9888.65
6889.57
3275.75
5290.28
156.90
3528.90
9324.57
4749.32
3806.58
3857.23
6439.94
9635.12
8504.57
9841.06
1755.51
2491.13
1340.54
8373.41
9703.74
3829.03
5973.00
5984.46
2913.80
5988.57
8867.92
7857.15
7062.96
8454.89
1360.99
7025.79
2866.21
4230.90
9902.49
6029.89
6841.94
7901.42
3954.13
3474.80
1923.79
3531.29
8789.88
8564.75
9293.80
7800.37
2627.85
8280.55
9662.53
4244.04
4840.19
1434.58
9574.01
4239.85
4735.49
153
902.33
720.51
898.55
362.10
7551.16
415.74
6149.94
1718.96
6265.78
8803.39
6730.98
9863.86
498.87
611.53
9736.05
2113.74
299.02
4543.61
5542.52
779.83
3355.63
8438.21
2001.13
3720.05
4561.08
5021.69
1446.61
5893.46
3943.98
6119.00
6704.55
7630.17
6574.35
7164.72
6769.00
4272.34
7308.44
4270.08
9802.94
3143.09
8077.55
3272.95
696.59
6297.59
4161.47
7106.71
2265.61
8950.08
7634.11
2604.14
4970.85
3000.44
3319.30
6295.28
6015.83
5762.72
3322.57
6811.65
8077.66
5287.35
6964.72
7775.35
3536.32
3938.17
971.84
3291.52
6699.68
910.45
591.26
9791.74
3523.61
5838.48
2203.25
4566.45
2074.41
9627.85
6563.42
7105.21
3383.52
4154.64
4402.38
3719.15
9340.46
9898.97
1370.31
5891.29
4331.23
4232.77
1667.64
5584.80
9956.64
3672.78
1854.68
6190.47
6392.22
559.02
1769.00
922.15
842.83
9352.17
4967.56
3938.64
8696.32
4991.41
9198.62
6105.21
9018.53
6855.79
8928.19
2585.73
5115.28
7070.90
8507.25
4011.89
7204.54
2848.87
1061.86
5100.87
6514.70
4800.70
5293.27
2733.60
4105.09
8677.51
9043.25
766.46
8674.89
7651.90
4448.11
7489.38
2902.22
8316.35
7790.52
7579.21
9280.29
2235.21
6560.53
7700.33
2871.16
8727.35
3835.26
304.88
8285.96
5072.73
3743.30
5565.15
1964.92
427.92
2636.21
6274.45
3439.65
6210.20
5569.99
12
2718.26
1779.23
2009.76
5862.89
6771.88
2029.55
4295.71
7212.08
9885.61
6531.48
6617.52
2257.78
29
5552.91
6084.51
6112.07
5854.59
500.12
4281.69
5603.57
1642.85
7773.65
1577.52
4177.93
9066.02
9897.96
4791.32
9898.29
5441.39
4106.57
4809.64
5614.31
1423.54
810.67
5817.65
7122.80
3807.18
5918.38
4219.05
6683.93
2990.12
6578.77
113
1999.13
4562.32
8281.44
3292.53
1273.28
6145.96
7436.81
7939.08
2502.59
6485.86
1587.71
1250.96
4036.15
6821.54
4661.33
7892.83
5793.46
2230.76
6466.70
6103.22
8480.70
7421.60
9691.43
3344.08
6587.72
1400.58
8570.07
3382.84
9876.15
4620.30
7211.77
3665.42
5152.05
1209.28
2217.43
3931.08
3176.96
5334.86
25.31
1605.74
5087.13
1805.79
9641.91
3200.68
4297.42
5874.03
2693.74
3631.35
6853.97
9565.56
5630.65
2729.21
9016.73
2510.39
386.21
4204.75
1601.80
4434.78
5724.77
1666.41
7554.33
6539.14
9152.60
7027.57
1271.94
6758.22
9824.53
2539.64
4427.78
3263.67
3925.27
854.18
5180.48
4930.38
2040.13
801.98
2589.91
2287.19
953.78
6125.07
323.92
7679.85
1934.76
2132.13
8039.49
5991.93
2089.76
1374.10
2505.01
3830.38
1925.88
4941.05
6109.29
4151.73
9364.70
5131.46
8042.52
7977.51
542.29
8089.38
3457.76
5250.81
9641.25
9874.02
1306.71
2678.16
1478.72
5430.95
425.20
9271.05
768.95
9467.65
1613.73
18
3946.30
9471.44
6862.73
2461.93
2638.26
500.81
4115.35
2328.66
686.35
6167.76
802.03
1921.92
8802.16
926.55
3236.60
2989.08
6196.67
1692.22
187
6696.78
6922.44
6510.07
3942.43
8020.18
9213.60
9847.37
5525.28
2539.97
9198.28
6721.48
5655.42
2444.49
299.78
5740.74
883.61
9482.21
7147.37
6918.59
6000.14
8282.16
7506.58
7315.27
8422.67
4921.63
8635.62
2932.15
6715.88
8467.15
512.01
1380.17
1662.21
72.90
8888.97
7495.84
2057.67
7249.44
6378.87
4897.90
6063.61
4303.37
1371.50
5356.16
796.95
2416.82
8134.67
5457.24
6333.50
135.94
8876.74
5352.29
6536.43
2453.07
743.84
7098.39
4363.60
1513.08
9954.71
3273.55
7469.82
6094.88
7724.66
8955.02
5075.00
9293.06
884.70
8882.27
5945.71
2658.25
5657.11
4539.54
1820.13
889.37
8804.77
4132.43
235.66
8975.82
3134.83
8921.68
5192.81
5465.68
7321.20
7319.34
5760.37
2819.47
5333.31
9536.67
9106.52
2163.74
1947.07
9663.54
693.61
3278.74
5298.10
3908.31
5823.28
6468.10
9056.67
6661.84
1342.09
5723.33
8301.11
4183.47
7250.47
9001.17
8692.99
6431.26
5990.70
2699.04
6169.43
4048.36
3269.94
1794.24
8528.37
1226.50
2005.76
2389.32
4360.63
8333.33
9123.67
9394.23
3553.95
6329.27
9905.14
3120.78
5739.68
9411.64
2952.50
6043.11
3661.08
2587.95
9832.60
5798.74
1507.27
7359.18
1469.17
5606.30
9178.65
5028.36
414.61
6129.90
1535.43
2765.68
6444.24
7928.39
2642.99
161.87
7331.54
5022.33
3486.04
2074.58
7193.06
3858.87
3602.32
8884.35
9101.10
8648.67
2518.85
5377.26
4574.55
1317.51
2095.76
189.65
550.39
9316.63
1140.46
5698.88
146.92
6458.62
5597.26
3313.96
243.88
4511.64
1801.63
6986.86
73.04
7245.31
3677.68
2382.32
6738.45
4259.61
3220.06
5249.22
7127.77
1559.16
4413.58
8146.29
61
6303.51
5087.04
3588.99
5731.88
8347.92
6659.32
5981.65
8162.06
4495.78
4810.56
7242.27
4321.93
8253.18
2699.32
7957.92
8188.64
8279.05
4254.29
9151.02
6562.82
9661.88
6510.33
9496.12
6174.67
161.10
4050.80
88.48
7919.37
7190.00
3888.86
7899.26
9036.82
3685.55
7999.05
9903.49
6925.62
2233.92
2036.80
869.65
2142.95
6558.00
300.46
8061.60
1125.31
9413.92
7848.88
8020.12
7061.36
2308.05
3944.35
2334.59
6104.29
8486.82
6108.04
7340.93
4330.61
9150.88
9422.70
4226.34
2295.28
8618.80
157
1602.17
115.34
6557.64
9135.96
8521.75
8307.78
786.49
7511.87
6751.00
2341.35
8452.29
4345.66
2207.02
1420.57
4514.04
198.64
5506.21
1444.65
6923.12
8336.11
4932.98
5571.68
7155.63
3977.61
4557.14
3222.64
1870.25
1566.98
9179.94
4690.32
7497.32
181.91
3042.04
6441.41
106.51
2029.76
3330.98
4537.51
579.40
8905.62
3310.64
5831.82
2086.85
6765.44
4972.29
9357.10
7329.41
841.66
2368.64
1898.11
5662.43
8557.56
4912.62
586.03
848.27
6842.64
3856.46
2566.03
4038.63
5183.57
4650.52
3632.26
1006.38
8139.70
5932.70
8113.82
9461.93
7289.32
1316.78
5301.42
383.36
5241.90
12.40
57.66
5068.87
4945.61
4480.79
8837.82
7524.55
8939.51
8953.00
6704.23
4800.90
2252.28
8633.27
5742.52
7989.75
2547.10
985.84
2936.80
5322.26
3974.59
3644.53
3541.42
9733.36
547.98
7458.79
9466.88
4473.55
8128.13
3045.63
6498.01
6982.89
5139.25
8285.55
7262.28
7952.15
3672.78
6591.78
1900.77
5971.64
8827.18
8889.69
6153.37
9631.01
3032.83
9240.69
8001.91
6633.50
8185.56
6386.73
2722.79
1210.74
5029.46
3415.11
944.37
6682.49
1165.06
765.10
1499.89
3745.68
4993.44
5217.65
7086.04
8376.22
7929.33
8906.74
5209.79
6992.55
5320.19
8127.08
4014.87
3702.14
3094.33
5430.89
4367.79
2501.40
1535.75
9629.53
8246.00
727.50
5459.92
4549.63
3863.63
2901.38
6061.50
7223.86
158
2418.02
9848.35
1391.16
4345.71
2929.83
4297.09
289.74
6597.12
9357.74
4501.98
9577.15
9194.52
7411.22
5385.18
3417.98
1289.67
9491.43
6643.30
4232.87
3664.77
7613.38
3078.12
4976.67
5997.20
1263.31
8262.74
6063.96
1379.91
191.31
496.15
1922.93
3049.79
1340.13
3975.58
2651.23
4778.44
2275.03
6247.83
8169.00
8312.24
4483.50
2876.81
7695.08
339.74
2165.68
8378.10
9172.48
4599.22
1076.07
6723.54
7583.55
6458.71
7575.16
6915.69
9844.73
2302.12
7307.87
7487.10
7363.20
1691.35
2377.50
5410.73
6357.45
9056.67
4093.68
8342.57
4959.51
3760.01
8436.03
6785.19
4976.46
3102.42
3419.32
3501.35
3323.73
5185.30
1228.63
9062.92
2662.88
5619.94
5003.99
3942.68
5075.45
9702.45
6713.90
2102.54
4856.02
5779.24
1918.05
8063.02
3165.44
4724.00
2164.48
7325.72
5588.22
8492.04
1109.81
8537.54
4100.76
9026.06
5539.28
8614.97
3881.09
8933.40
3671.89
9275.78
7354.39
1564.42
6374.71
4049.27
8233.61
9782.61
117.48
9254.14
5723.90
6867.47
6145.63
4952.33
7936.67
6830.64
7938.17
3220.53
6609.14
4806.60
7579.96
847.70
5934.74
6111.14
2280.27
2792.02
3446.14
7710.65
506.69
6346.28
3004.22
1034.42
5702.57
5304.20
9864.85
5769.54
6474.95
8736.14
7129.46
1138.40
9668.94
1921.29
6530.57
2463.27
5602.93
3101.10
5131.23
5017.81
8680.16
979.15
2084.26
5355.89
6898.25
5163.76
176
8752.93
7764.64
7308.30
5114.41
4010.19
7637.26
730.09
5394.16
7731.05
5424.01
3372.47
3673.22
6007.20
8299.08
4607.10
5644.06
4138.92
7069.50
3458.20
2492.32
4095.78
7020.46
1171.67
5987.41
4601.46
8486.63
7864.06
5758.69
2351.07
1571.40
3387.53
7547.01
2452.13
4930.32
63.41
5078.48
6886.40
7446.50
6999.38
6071.22
6942.04
9079.62
6152.64
8086.98
7142.00
7825.64
1877.09
6588.68
7330.42
270.44
2546.93
3055.39
7064.85
4878.24
3039.52
8511.29
3245.51
8176.76
4848.78
8800.00
1597.27
2168.32
9756.70
4616.96
3965.43
6425.37
8089.77
7217.15
2808.24
4763.63
2310.88
1142.96
8340.30
5505.88
6133.90
7847.41
1729.62
7059.97
2490.76
9081.38
3961.99
9777.35
5931.38
14.86
6500.75
8302.84
5700.31
8692.72
8885.00
374.92
524.43
8292.46
4778.12
2321.55
9682.25
239.34
1711.77
4384.10
3232.26
1312.31
8533.07
1086.65
7288.34
3989.85
6177.91
777.34
4280.11
2269.27
2338.91
1359.86
8472.40
1656.42
4507.83
5297.23
287.74
1859.40
2039.81
9926.29
9738.93
9601.12
9758.18
9722.23
6495.53
849.44
9297.34
5681.94
7649.03
1383.58
1126.57
5765.52
1381.98
9991.35
8926.71
6195.19
6667.33
3521.16
7775.18
234.58
3413.92
9575.82
163.02
2269.19
627.42
3694.02
6103.60
6018.33
71.43
9561.43
39.02
6502.84
1400.13
5051.54
2602.59
2970.79
2.37
3921.08
6909.43
881.10
7968.11
3762.58
9430.20
3824.63
186.48
9614.95
4822.67
4021.15
4041.68
9501.18
2673.82
2894.90
1327.38
1429.19
4919.61
859.26
2595.36
170.42
160
9522.76
6340.71
8812.50
8329.83
6283.56
1260.70
2841.04
4015.26
3960.82
8769.96
9797.27
6139.43
9501.68
3380.56
2617.89
4810.31
716.42
236.59
110.08
5920.39
7777.24
5711.42
9945.81
7454.08
3245.81
8619.20
2655.99
1040.14
6577.98
5254.53
4728.25
9311.31
4332.00
1556.73
3704.02
8510.88
8148.71
4503.16
2555.43
9976.89
8480.60
3083.53
7305.96
3491.67
2055.48
6512.83
4325.27
5018.43
6232.80
4729.82
8748.46
3722.54
9343.18
8632.33
5589.36
1216.07
5421.40
6258.53
1168.28
5148.19
6606.86
6478.14
6067.24
225.78
1085.19
5360.23
6853.29
779.87
7497.92
7791.15
2946.23
8540.19
4009.17
90.59
6206.77
8447.67
6969.32
9183.72
3820.52
380.45
7672.28
2610.34
2870.21
9511.44
7909.90
7466.97
6421.80
6725.08
4761.44
7875.28
3079.87
9826.83
725.85
1242.08
2655.17
8066.36
7350.19
6324.77
974.88
6304.44
3898.23
7746.25
3878.04
682.22
9341.93
5329.57
9279.94
7253.08
7578.76
4562.87
2845.64
6221.27
5842.44
185.44
6552.87
2364.47
2881.39
5737.39
5296.14
2220.92
1753.39
1777.03
8017.84
8675.12
6685.88
7084.13
759.23
6813.27
1067.54
4686.55
6897.25
2132.21
5489.90
6026.38
7846.16
4320.81
9098.94
6484.96
7110.53
493.62
2129.63
7180.83
4015.27
9703.50
2195.31
6218.65
6225.70
2208.57
6034.45
6079.31
3606.31
8891.41
3357.12
7692.53
9629.52
7653.61
1089.39
9914.89
797.62
8921.55
154
1050.72
3024.76
3639.75
5150.04
6005.88
6064.53
6495.03
8116.14
4369.12
568.02
9460.18
1787.39
5790.69
5703.51
6080.18
2095.41
5499.38
229.33
2913.86
7936.23
4597.91
4035.24
9009.89
6712.50
3241.70
6284.62
7718.92
778.51
5180.14
7011.47
3155.83
5577.73
6074.35
1244.93
9520.70
3414.06
6056.97
4124.04
8709.75
719.34
6130.56
5981.15
6302.89
1654.24
4081.31
2751.00
9361.61
9220.76
5889.10
7320.72
426.18
3619.61
4325.14
5373.27
9736.79
229.83
5132.24
6972.81
3747.39
9731.13
9374.84
5457.13
9339.16
5969.43
6125.88
4281.07
4312.95
3154.94
4432.94
2221.06
444.23
9880.97
5688.84
8008.09
2974.34
9794.10
4242.02
7992.30
2396.19
6096.62
3844.12
9123.38
938.87
2516.31
2778.64
4406.89
7585.25
7062.99
82.77
7396.53
4747.77
6464.79
6908.69
5318.70
5015.93
328.67
9921.21
9490.16
3464.82
1020.30
752.78
4956.33
5824.80
1259.76
6395.96
5201.95
3961.80
9265.42
8379.00
9603.63
1365.40
5762.03
3414.92
1522.95
4103.46
7647.93
8622.20
9877.80
8550.84
5965.50
472.57
1259.13
363.03
6948.34
7323.17
8540.91
9028.82
2266.31
1136.26
4106.10
5940.40
627.26
9087.46
5704.21
8461.59
7123.09
924.40
3271.58
7808.51
8161.70
2783.12
9270.92
9692.77
9569.20
3722.06
8.09
6279.53
9074.69
2427.80
3512.24
8905.33
4529.32
9717.85
1748.35
193
8021.43
7860.27
2782.32
7009.82
7718.35
1996.18
6928.25
9363.86
2515.20
7647.71
552.12
9449.32
5152.31
3381.70
1037.66
2424.04
2659.95
49.40
6178.09
6366.93
6115.71
9908.57
3956.69
8823.58
6602.07
6539.14
3120.67
1654.47
9806.53
2374.60
8215.08
215.06
6321.85
6382.69
2688.79
3785.38
8819.55
2841.05
1455.25
2702.86
5856.17
73.40
6810.44
3532.16
7130.70
8651.52
4084.18
9183.75
8076.89
4048.04
1815.78
3678.74
6309.50
2569.04
4867.32
6416.93
6745.22
9036.85
2767.78
3659.95
1313.75
3967.99
3047.44
3471.54
7720.62
9645.63
4487.31
7695.46
6409.87
2668.22
5464.22
1491.04
6923.33
3324.46
1092.61
8432.64
2514.40
3961.41
1105.13
817.25
2932.94
2746.95
610.24
9372.50
9566.69
655.17
3536.11
432.79
8951.16
6805.19
5012.76
8425.27
1419.43
5548.34
3740.18
6409.27
2264.92
1920.13
8900.14
1826.85
6173.63
5651.14
2035.19
589.55
9316.98
7173.40
1965.59
2344.64
1886.08
7676.98
7946.58
8085.97
1024.12
3885.91
1372.70
8211.16
6142.21
2857.90
1178.86
2342.30
6078.88
2700.28
219.88
9545.82
8113.91
7973.67
5159.41
9485.95
9628.87
8968.02
7379.20
7160.37
3411.58
8634.79
7020.94
9487.66
948.59
299.32
2170.60
4590.42
5291.36
322.77
4344.04
249.74
6501.65
8502.27
4568.86
7955.63
593.22
2466.11
9498.47
2159.62
4137.12
1819.99
7939.48
9822.90
5162.34
918.74
7002.58
4874.36
72.04
2368.34
6660.87
2632.25
1445.77
4607.67
7962.08
5142.39
2782.51
7983.57
5414.25
4441.75
458.21
2829.61
8355.13
4322.50
6959.42
7308.20
408.90
4758.18
1375.41
701.91
4697.71
6926.19
6280.10
1875.31
5359.16
1041.90
4640.38
1610.80
1453.85
6987.67
5905.85
159
6641.01
7109.54
8657.14
7150.33
9447.43
7357.26
4335.56
6406.90
2729.87
3105.06
5898.96
7008.54
3487.58
8117.05
9529.30
4919.48
2757.59
2969.86
1572.01
3532.47
437.28
4233.93
6060.97
2663.32
7825.30
9414.48
6852.67
8291.71
6034.74
9293.60
8467.74
2048.56
6570.35
8279.53
9156.05
860.50
9919.79
1700.06
934.40
8548.22
3409.27
3870.68
3895.31
3251.34
3522.54
2078.80
4984.19
6935.94
3864.92
4362.00
5755.70
6958.38
4739.20
5787.60
4943.10
9641.72
6434.97
1684.81
2634.24
3406.78
6650.05
2417.84
5603.18
4432.97
4570.19
3453.34
2085.55
2754.76
4926.96
4959.72
7730.77
6684.91
5504.71
5426.10
8366.02
457.58
33.17
4908.67
4848.94
4873.38
4916.88
1761.74
7983.28
5778.62
5835.51
6006.14
9069.18
6604.90
7698.09
6899.96
3034.61
1520.12
5829.17
8536.42
4655.46
6492.72
5468.38
7283.44
4557.46
9646.76
1818.08
8142.18
5474.44
6494.66
901.23
3333.40
2617.45
3188.22
7598.62
7975.01
6519.05
3947.06
7406.61
2101.70
5923.21
832.10
1962.26
663.13
288.18
2461.59
269.88
8844.22
1384.72
6956.50
1162.65
7057.15
5963.32
6094.95
1955.63
1395.37
3221.30
6502.03
885.31
2005.43
3044.08
7758.93
9959.31
4670.59
1976.98
1045.85
1713.19
3514.60
1387.23
8706.80
325.93
3883.63
6115.86
9715.69
98.84
566.31
6440.00
7114.09
3753.69
4137.57
2746.75
6169.86
8934.10
6590.13
1866.36
125
4062.14
933.41
9465.99
769.35
7950.81
133.45
1735.89
6667.93
727.82
837.13
6309.10
5281.39
4390.97
1622.68
977.70
1523.60
8177.04
4056.16
5366.71
5978.91
8652.60
5276.11
5898.08
1439.05
4574.08
998.22
5746.68
9838.32
7947.40
8207.40
6218.33
1977.31
1954.55
3020.38
3254.40
7688.63
3398.99
4549.42
6310.00
4727.19
7727.26
3523.48
7414.49
7627.45
2465.63
1032.07
6088.33
8927.83
4804.67
9306.64
3272.24
1795.09
9088.81
1863.32
1369.75
6369.76
3920.27
3669.14
1789.68
9685.79
8549.21
4991.49
9408.13
7287.51
7053.14
2131.48
590.70
1575.45
2654.15
8867.77
7794.82
9265.63
5303.37
8844.68
6311.73
6358.15
3585.66
8681.35
3940.67
798.99
8048.48
6766.95
878.70
9109.17
1505.90
3705.74
7954.33
6080.09
2759.86
7508.75
6658.29
5030.12
1846.82
2873.22
3888.74
7829.82
6469.47
7382.17
9620.49
8082.08
3103.38
3985.50
3049.00
545.29
550.98
4638.04
5401.98
4575.61
4904.81
3072.12
8337.67
7407.06
215.72
9133.51
473.69
4262.02
9156.03
4323.97
459.20
269.95
8922.85
9745.54
9493.49
4057.82
4121.30
29
5213.84
3655.73
5764.17
6730.15
363.81
2435.07
2464.78
1312.41
6081.43
472.58
808.24
5924.85
516.36
5722.93
9467.95
6415.23
7829.25
9305.33
9374.35
9201.22
1510.49
1091.32
6911.01
1256.22
4973.52
552.28
1256.05
896.94
4158.51
143
1435.93
3943.66
3582.37
1428.34
5025.19
3091.42
3080.88
8649.46
3601.00
8540.43
6128.85
7911.03
721.15
3536.20
7846.22
1323.73
5292.12
566.25
6885.78
5074.89
6466.29
8811.52
7665.31
7509.02
8673.43
4972.18
9699.88
5941.69
5847.70
1852.05
7985.45
986.89
9440.01
8821.45
890.77
2967.60
3266.27
7370.30
270.75
4719.50
778.08
2952.10
7491.40
5595.70
3878.34
902.83
756.16
5948.33
2143.01
1749.81
5079.22
1920.63
3241.17
7214.56
27.24
555.36
8733.21
7825.94
43.67
2444.55
9322.49
1618.57
2904.75
7248.91
3367.94
8873.87
8293.16
9147.09
6145.73
3403.66
7302.66
8785.95
2369.65
7268.00
6125.93
3649.10
4016.23
4009.02
1479.93
4406.37
1006.67
9073.12
9272.18
4118.79
6010.20
3845.33
1421.11
4929.45
2069.40
8048.05
2960.38
1750.76
4206.83
733.74
3957.48
9550.97
3233.56
1955.74
9269.22
4142.39
2005.64
9819.07
6680.28
1279.91
5006.36
3033.25
7997.16
4698.69
794.51
9510.60
2699.06
6166.14
1256.59
1828.52
3814.75
4316.10
220.52
513.93
6863.07
9996.39
8597.32
3776.55
5560.55
4026.98
1364.47
5339.37
190.40
4973.36
9219.95
866.69
3199.98
5030.94
1231.24
3807.11
938.76
8043.30
4170.69
6543.21
4186.60
5595.92
5141.85
6016.98
4004.35
26
516.03
585.09
3749.14
2680.52
849.76
8009.91
5149.09
271.01
6361.02
2127.09
2972.72
9811.47
4502.43
6920.89
2933.84
6371.14
2264.38
3212.32
4451.35
1743.61
3930.67
1807.73
9174.54
9425.79
6237.04
2308.03
104
736.85
9172.03
3537.28
8240.23
7858.34
2215.74
7069.35
6022.18
8903.42
3620.97
2120.56
6576.14
4378.10
8671.00
8302.14
464.00
6010.51
1747.21
2710.50
6462.42
6734.80
4838.68
2554.35
1965.49
2367.64
935.04
2110.60
2208.05
358.37
6957.16
9056.43
7388.49
1984.35
5670.29
6090.45
2731.80
965.46
5846.91
7834.96
3705.54
2053.45
2037.81
4063.44
1796.33
7489.27
187.29
9739.27
4818.64
996.37
9291.34
1754.36
6038.59
8277.51
6924.87
5849.95
4360.00
8801.33
3118.81
4369.61
1379.14
6403.49
1390.85
3278.50
2737.86
191.82
2150.05
2479.57
394.78
3148.12
4909.52
6721.53
8223.88
3281.95
5240.08
332.79
6803.71
2236.31
6947.86
298.41
9974.26
3806.79
2110.25
1643.88
8338.93
1248.90
2186.14
2180.04
5534.93
7760.12
4040.48
1031.42
5975.39
781.68
282.04
5307.49
6601.84
3328.49
4479.92
230.06
5728.27
6386.05
7555.90
1102.52
4590.70
59
1679.59
6960.17
9054.04
3101.18
5342.28
9488.26
1915.98
2446.09
6749.45
910.99
9263.29
7475.35
9333.08
7766.71
5787.55
2134.39
903.58
5677.97
4293.21
7374.79
7880.07
2940.80
8803.60
6206.33
5081.03
7692.11
690.25
5590.91
4929.69
6922.12
4652.07
1186.07
3616.29
3189.00
9717.24
9282.48
5030.74
1731.73
7828.32
6287.85
1181.98
2087.60
4126.77
3626.96
3685.33
2279.64
3435.00
7698.71
8837.97
3283.25
3331.73
4705.83
6206.42
7599.87
6850.83
6808.43
694.68
9307.05
5455.99
140
2200.10
7521.28
3338.17
4847.93
7434.75
9563.32
7062.69
1038.58
808.38
670.46
4504.94
7579.06
6736.22
428.98
5234.47
9210.99
3928.42
1431.65
1944.70
172.70
3501.49
7383.89
2119.53
5895.31
766.67
8029.28
8349.43
4219.01
4720.24
9037.88
9059.21
3465.38
7291.43
1252.70
2922.63
5932.41
4780.93
5430.48
5977.42
4507.22
8414.89
3508.36
1016.19
7045.94
7094.02
3301.32
1839.09
4291.90
9065.99
863.27
7572.62
7633.46
7001.87
9164.04
3674.18
9594.13
2707.75
6534.80
174.90
3155.01
9123.50
6963.74
4916.04
2797.41
2307.93
2885.03
289.64
6389.54
9519.28
857.98
8617.01
1.73
9289.48
394.25
634.46
8601.26
9359.10
5233.29
7481.28
1937.92
567.35
6316.40
2509.31
3279.51
2139.01
3454.15
594.56
6893.12
2420.59
2760.60
9401.67
99.13
915.16
4038.58
6231.86
5564.44
2654.01
3795.97
2208.96
6367.11
5510.14
7964.33
1189.34
8783.79
9271.13
3843.54
7017.32
8153.25
2195.76
3631.66
9712.92
394.26
4710.26
5097.00
8533.81
3546.38
9967.50
6643.89
9286.07
9209.03
9587.99
5.42
990.09
6034.60
8199.78
13.83
6290.89
5946.79
8849.71
5954.55
3618.67
6877.01
207.46
6663.99
1871.15
3312.79
6244.17
3199.03
9648.53
1516.04
111
161.02
7203.04
9982.78
119.12
3826.85
6175.28
6573.65
5679.53
1509.13
7818.55
2147.20
4677.87
9077.91
7231.41
781.35
794.95
9525.06
8628.60
9486.29
6041.52
4692.41
3915.77
5313.10
9076.83
9826.37
4857.46
5971.67
1729.13
9130.67
3536.83
6421.71
368.72
2787.55
9226.76
9728.27
5498.39
7484.44
4382.52
6023.68
7808.05
3952.96
2417.08
340.68
6881.82
4690.93
3950.37
3933.86
420.81
1342.86
2086.98
6450.83
6208.48
5264.19
6254.59
8820.64
5833.82
2848.86
5543.70
1269.40
1418.96
3174.46
8172.52
3633.85
3069.64
3486.82
2536.82
8711.34
2561.41
4734.77
5701.29
5251.79
5750.29
6660.74
7585.59
8266.00
3498.91
9394.99
8465.82
7400.51
5459.91
5787.65
5752.58
2425.44
8063.60
8196.92
4852.96
517.35
3502.65
2643.99
1840.77
6520.00
9660.53
7310.40
741.91
2162.73
6841.06
6615.69
618.14
7147.80
9154.45
4548.41
1959.41
6828.08
611.55
4669.32
4863.25
2035.43
5764.89
50.71
4308.95
4544.51
110
5308.58
8777.33
1130.04
9650.62
8428.55
5306.29
3565.90
1295.11
1040.59
6622.80
5998.11
2881.46
8579.50
8599.51
3582.00
7692.24
2948.27
325.02
2194.59
7576.10
9109.45
5459.71
2410.76
4369.35
7850.23
5213.71
7165.90
6126.64
1840.36
7699.49
926.40
9170.95
3226.58
82.30
4463.67
8636.06
3235.47
2909.39
8098.15
2309.91
7599.06
6307.83
3571.15
6962.23
3739.82
5998.12
446.97
502.02
4375.89
901.23
3482.40
3092.03
8012.59
680.74
7971.07
2357.83
5306.91
47.12
7324.35
1961.97
4818.47
779.62
1648.08
4742.67
5641.33
2944.10
4775.26
5296.58
3949.12
3986.08
5990.72
7052.21
6840.65
571.20
8807.99
3553.62
8961.64
76.62
3814.44
6649.72
4271.25
382.93
3374.69
7644.94
8749.33
1485.37
9369.76
4072.54
6686.14
5874.97
9049.78
744.72
8001.46
6605.74
298.49
1039.01
1502.40
9464.22
4361.10
3201.67
6461.70
5226.74
8492.37
7773.57
4890.84
8191.85
1564.24
339.51
9561.59
1105.70
67
8716.38
8516.47
4384.37
6953.35
3759.96
8483.13
8837.14
3285.13
7295.46
5403.36
7597.76
7451.74
1655.17
5996.39
898.07
4500.70
1112.74
5844.43
9921.15
7188.66
2591.61
5520.88
6033.48
1702.73
8632.12
536.80
4031.34
44.07
244.89
4775.97
1991.30
5621.54
7256.30
2195.37
2266.37
6730.99
3645.25
2113.69
4024.43
8492.63
540.41
8782.19
5425.49
7885.50
8635.78
3168.75
5547.99
3060.74
9214.53
1186.32
2005.27
7847.19
1450.82
7813.62
8873.33
4902.73
6673.15
5698.84
2145.77
7338.60
4589.30
2573.04
2035.94
3782.64
4638.90
6949.66
5687.70
86
8487.98
1630.30
2392.48
2496.04
8818.71
107.92
430.89
8603.65
9892.18
349.27
8883.25
9717.84
7544.97
2094.58
4936.63
2724.73
9276.42
8839.01
2639.08
6736.54
8629.91
316.02
30.45
1440.87
5185.45
9504.38
9957.75
6639.81
960.89
3999.33
4539.18
3446.11
2945.62
1754.22
2583.18
8510.17
7725.19
7595.13
3735.57
9384.42
8839.57
9079.89
7691.02
8496.33
7576.89
7910.64
3465.47
8411.75
8542.21
8570.21
4017.98
4245.06
8544.75
6645.73
8997.38
3737.34
383.32
595.36
1167.47
9109.57
7028.77
7826.99
5260.69
1143.95
9832.48
6870.15
6282.69
7795.15
844.50
5269.34
4328.91
1136.40
1494.39
8398.66
5998.66
5659.08
948.02
8642.27
6755.60
2331.34
8857.90
905.45
1868.33
9751.02
1210.64
7977.39
154
975.97
59.40
4274.64
4303.14
861.73
9411.58
5526.33
6540.87
9071.86
1.64
4246.72
3476.87
2342.32
5477.73
762.69
519.76
1479.95
5311.23
9163.85
5612.37
3262.46
4923.89
9019.09
7150.53
595.95
8823.62
1908.06
9603.77
595.57
6432.92
6760.21
9704.30
5710.85
4551.36
7342.73
2022.63
7550.23
2564.08
6814.66
7399.76
3008.76
2422.15
8546.12
8214.55
2911.60
1689.35
5023.76
21.02
1305.09
4465.19
916.99
3413.67
9312.92
7431.17
5712.11
3822.52
8090.73
579.84
1835.61
585.44
6726.53
9111.38
7144.98
2408.79
223.45
2537.98
4979.61
1054.02
1145.44
3020.09
9709.45
2654.16
3695.35
9451.57
2622.71
9878.56
7420.50
9674.47
8941.39
3666.94
7306.00
6579.42
6285.08
413.62
9525.08
6661.18
2717.30
6304.36
5783.36
2052.51
5958.04
1521.94
1138.11
142.67
6939.94
1809.18
8920.31
2864.42
791.45
6503.75
4368.06
656.27
6868.97
765.83
4632.30
2303.76
9610.72
4964.60
4684.64
446.36
1882.60
7763.29
5492.10
5898.10
7921.75
7564.90
5681.47
243.81
9903.30
2903.93
260.54
1893.60
9164.97
8877.12
8162.23
3143.07
3980.73
8612.02
4207.45
5312.76
1896.32
5422.60
4224.58
2026.17
7597.03
9072.56
4604.93
1712.08
1301.06
4367.93
8509.86
4844.37
7144.53
70.37
675.58
7904.58
2987.61
3331.73
5593.68
8991.72
9723.12
9001.71
490.95
2116.83
192
3285.66
4611.43
1991.42
1914.37
8394.66
841.20
5317.92
4049.06
4629.50
9644.32
764.57
511.68
1401.92
9934.56
8787.80
7807.12
1177.87
7135.86
5862.11
9320.47
4418.72
6935.65
385.00
169.57
8017.51
9665.26
214.84
7089.95
230.94
6814.82
3428.85
4655.74
6976.47
8773.30
4192.56
397.35
4912.40
3755.69
7628.83
1805.13
7793.10
8218.00
62.15
1878.08
3067.97
1456.26
1073.91
3519.67
3980.11
3031.49
9295.90
8579.98
8957.81
4059.23
5937.09
4239.23
9850.38
9056.03
5605.23
7417.03
5540.72
7160.08
8255.63
9328.99
9203.91
2256.47
5060.93
4707.71
9538.55
4366.84
3914.94
8723.54
6771.22
7037.90
2210.47
4605.39
8250.69
1223.34
8794.19
4350.84
666.79
8041.47
7713.66
6863.01
3037.34
4958.26
924.35
3150.41
7826.52
448.03
8692.16
7821.53
5141.86
5485.02
6464.23
3603.48
4686.78
9688.23
7724.53
9771.24
1837.19
352.95
9318.03
2608.88
2208.07
2639.55
217.29
2907.68
4758.24
3938.27
6297.61
1267.09
7754.50
8884.77
2743.96
988.15
7721.56
9063.59
5875.52
2675.62
6311.29
2412.99
6867.64
6492.55
8335.52
7447.57
8779.84
2192.75
55.25
1263.60
3949.25
3601.74
6268.84
3911.86
2949.38
792.39
8389.26
5045.05
6492.15
7628.98
1172.07
8110.24
3698.02
5111.35
209.97
8004.54
685.49
7674.86
4936.26
6695.33
2329.36
3581.69
6398.18
8381.43
2982.12
5223.19
6224.76
8301.07
2898.11
6643.77
3305.38
3146.09
783.41
5155.31
28.87
3494.62
7332.16
452.04
7354.72
907.85
3602.31
7232.33
1374.77
1939.24
3709.22
7714.13
6783.63
4769.57
6436.83
5479.84
248.59
9409.91
1124.78
6344.46
9025.55
1213.23
1510.58
106.62
4308.77
8016.67
7292.91
6467.52
76
719.90
8022.71
1598.74
7018.80
4015.78
1789.21
8971.80
7269.29
759.19
2098.96
9452.94
1460.80
8926.71
8675.23
4293.75
5851.02
2027.32
746.45
8647.46
4279.78
1323.58
7136.22
8402.43
4851.25
4369.84
4288.94
5396.24
9960.05
8632.30
7719.24
4058.82
47.43
9693.79
1495.39
9991.94
2950.28
540.20
4776.13
9339.82
51.26
5356.04
413.80
8615.38
4030.03
8212.77
2795.98
2145.57
6761.95
3008.54
5783.16
7874.15
7750.55
6412.54
5454.38
8949.62
5884.94
4688.02
820.76
5529.97
9784.28
8828.11
1411.57
8405.08
3562.57
56.43
7167.84
8384.41
6582.07
446.47
159.62
5585.80
3258.63
6130.63
1825.85
3614.82
4864.03
135
4548.29
620.38
1697.46
3583.45
4026.71
2987.01
5159.45
6789.62
4012.28
6267.38
3878.36
1755.12
8154.22
318.47
1863.08
728.56
3977.47
2584.15
4969.80
7883.34
1070.35
1325.83
2089.64
9066.82
2441.22
3257.33
1233.21
4741.55
3498.69
1562.40
6985.22
3543.80
4302.06
7391.74
3034.67
4869.40
5478.88
2536.34
2093.90
6957.48
7656.58
2595.28
473.27
8885.98
5329.49
8297.54
7879.55
3931.07
3986.49
51.30
6188.22
9995.46
43.33
4790.68
7567.72
3803.69
5926.27
9935.37
502.57
6726.38
2587.86
2094.57
7098.87
5269.27
2131.94
6012.47
1219.42
1190.25
8194.71
5302.33
1174.14
9038.45
8664.27
1541.15
4107.32
701.36
7396.34
3244.55
126.66
1761.16
254.47
4715.17
394.84
6469.12
8303.78
5516.91
4665.63
1722.76
2838.26
788.72
4439.73
4255.89
4418.71
7346.57
9417.80
4414.67
824.19
9760.16
8146.62
8387.15
7134.19
8715.76
1629.96
3980.86
8704.62
3030.04
8677.69
2307.89
4002.11
8858.87
8398.38
4754.25
6823.01
9802.82
2533.96
5997.78
4832.00
9758.70
4355.35
5622.61
5378.45
4167.61
2180.73
2989.86
7734.50
2589.95
1870.00
8801.50
9078.88
6771.77
1048.58
7481.00
6334.14
9192.76
7510.17
4
7246.50
792.39
8962.48
5079.66
45
6606.45
1763.71
6363.92
634.41
513.88
2834.27
9105.15
6578.79
6453.24
3832.51
3580.93
6730.83
2236.31
6799.96
8034.37
2014.82
2534.10
9689.04
3171.05
9907.45
1467.24
1891.02
8686.39
9400.49
9383.70
9525.01
9447.49
1410.94
7391.12
7800.04
4041.37
5927.44
1728.45
223.43
5896.85
6901.80
5463.67
8333.86
4209.96
2492.73
9801.63
9550.13
6977.30
6012.33
1644.86
136
4000.73
1864.30
8291.94
1387.24
2607.59
9225.49
7262.23
7276.95
777.17
3320.84
7336.05
5521.29
527.54
2269.07
1787.90
26.00
1852.92
4805.41
2413.83
1249.78
3674.18
7174.67
1915.49
7412.96
1542.33
3368.03
6263.84
1385.16
1992.46
2168.46
9239.75
2519.34
4165.91
3471.69
9.57
2111.69
688.04
9640.93
5569.87
3858.35
803.55
597.34
2571.34
4590.35
9829.36
2585.34
4448.43
8168.17
4395.73
4507.22
7136.16
6208.81
3419.58
5099.64
9801.88
2334.56
9911.59
2512.43
967.63
2937.91
9584.28
1814.12
7813.84
2647.65
3734.59
8139.18
160.09
9383.10
7358.33
4437.48
6091.59
4255.68
9160.72
4699.83
4076.23
9808.86
9706.40
1006.06
4986.78
4899.24
2960.53
6448.22
5154.38
1665.68
6873.80
4876.58
9535.04
4792.78
1325.75
2235.64
8531.67
2964.18
8940.14
6019.85
6895.14
8865.93
2202.76
7882.12
2501.37
6217.45
1536.15
6753.41
3397.05
8485.17
5009.16
3839.40
5207.57
4612.40
4084.13
7693.22
7348.80
7247.27
8036.70
4145.59
5177.65
572.65
5635.73
7410.04
8606.17
9469.10
8462.55
1157.96
3302.66
2940.30
9406.01
1043.30
3574.83
594.14
9822.82
8098.95
1697.96
6630.41
3440.44
8955.64
4793.06
5893.95
55
8062.17
511.54
7801.87
1502.27
6403.72
7534.58
7564.04
9703.23
3798.51
7194.28
8339.99
5230.19
9156.03
1974.07
596.41
9991.94
7339.23
4006.47
5760.94
5891.98
8006.07
8374.19
4656.78
3170.32
2311.53
8607.05
8524.64
1647.31
7209.12
4481.59
2602.95
4630.15
4663.42
9456.91
2182.73
4133.69
8013.76
8860.02
6251.18
9621.20
9438.54
2464.71
8789.66
6402.10
8664.01
1242.57
6530.78
8750.30
2228.14
7813.43
569.73
2754.42
6515.82
1150.74
8262.94
128
3975.75
6228.46
8959.85
9872.58
6241.56
9006.91
9457.71
4253.74
6922.01
2082.29
1837.03
7779.83
488.71
9757.41
1244.09
9627.82
7650.48
6678.54
4991.73
8637.34
5814.29
7627.25
7331.20
7766.09
431.80
8817.62
8722.69
1154.70
7233.75
2043.33
1244.18
2076.87
362.40
1318.73
6805.71
8480.88
9303.41
8991.68
5486.88
6372.07
1155.15
1557.45
3028.22
7842.67
298.14
9115.07
9253.75
1932.08
6863.34
1275.66
9983.75
910.10
8750.71
3711.04
346.95
9137.13
305.66
5930.26
5884.53
4894.42
8387.29
2456.33
2550.14
9925.05
3508.48
6669.27
7777.55
5721.33
8323.26
2162.19
1868.60
7579.88
7093.45
8658.75
3738.85
6273.26
276.28
4156.11
3766.23
5911.92
6211.84
7931.39
2372.83
4656.82
3508.62
8989.01
8812.96
759.39
363.72
5187.12
5257.64
9727.27
1228.27
1082.89
6002.07
2923.33
3238.70
9048.52
6854.86
3689.71
9258.44
2662.59
1404.72
3141.37
6576.31
3158.63
6841.04
4496.90
8927.73
5856.19
4800.13
6512.94
8968.01
1205.76
1820.58
3976.70
1338.20
4202.14
8452.85
5907.42
6509.05
1470.01
6944.03
1147.40
9436.20
9967.27
304.10
1318.37
161
7808.25
3082.66
4017.28
7640.98
1658.29
8502.72
4871.28
5567.58
7129.08
1899.73
7314.73
6178.48
6900.39
5421.77
9248.76
5543.28
4356.73
9410.82
8058.76
8723.03
9460.21
7089.84
666.24
5084.66
4642.39
8440.00
5654.40
7467.02
5606.22
8312.32
6213.05
3310.37
9153.85
1755.61
8286.10
9318.91
4228.27
4665.61
9367.69
4491.57
5159.26
608.81
2782.02
572.30
7179.08
18.15
6802.85
1060.77
3317.62
7900.14
835.48
5094.09
1153.68
2265.45
4214.91
6744.62
5098.92
1263.62
494.79
2847.10
89.37
561.76
8844.16
8418.10
1078.76
8984.95
8170.96
1392.81
7546.63
4489.47
1596.25
1889.37
6487.16
860.01
3062.93
2912.36
1822.94
9327.85
2231.95
2497.93
3838.45
6851.30
2862.95
3238.94
2654.73
1866.08
6961.55
6145.56
3729.21
8715.08
6880.09
7412.54
7278.82
8051.06
8961.56
177.78
3962.90
3648.34
307.83
8347.74
5353.02
7168.92
8826.08
6395.45
4045.30
4444.64
1261.90
1348.22
6776.98
7229.60
3771.12
399.50
6791.52
7649.35
427.65
7406.30
3807.30
2757.28
1529.98
2458.42
1295.52
9769.80
1681.52
2493.82
9027.63
9285.04
7308.98
5136.81
1835.15
1722.36
888.92
8380.44
3712.29
8510.38
9917.17
2034.63
5420.52
3388.08
9231.56
2908.16
6913.62
4288.75
6240.23
160.78
6640.85
3400.62
6879.76
4105.92
4206.18
2425.92
1597.96
5700.58
2224.60
4104.38
2601.12
3045.75
6437.50
6575.04
7206.35
9236.14
9299.97
104
4984.23
4921.82
3063.10
8453.07
4959.33
1839.31
727.81
9917.20
1357.21
6476.68
1684.87
3061.56
4052.10
7881.18
8075.87
8714.58
1193.04
603.74
5265.19
8630.21
3586.89
3888.21
7813.54
3255.34
1819.57
5722.70
1155.44
6597.10
233.69
5324.02
9128.04
178.59
5589.73
8354.84
1555.65
9097.94
262.76
4787.02
2398.23
5060.44
9317.89
2217.54
3313.55
157.22
822.22
5788.16
5809.04
4368.38
8751.25
6112.39
6074.46
2057.39
6203.18
6009.05
3849.72
2910.67
3120.54
5899.17
1709.52
207.92
1016.60
2740.01
5510.92
361.35
7402.10
2927.64
4678.40
8244.33
3700.15
1058.31
1880.84
880.83
2823.94
2441.86
2523.57
57.77
579.91
2231.36
2537.59
1854.31
9361.15
676.99
8046.68
6989.36
2831.07
5815.39
7644.78
1334.26
7491.50
8635.72
9883.71
6518.68
6113.25
3969.37
7979.82
8900.68
319.98
3861.99
6174.00
3434.44
5400.34
614.93
8258.77
1341.77
56
8921.76
6809.29
5695.79
5581.22
1247.18
69.31
2810.03
7492.09
6756.27
3352.48
4976.10
1777.16
1437.43
9482.73
8923.03
2201.25
8590.10
2131.72
6226.62
2003.00
3367.71
988.47
5655.09
7671.81
9657.05
5244.07
1505.69
8793.53
98.33
3779.30
6805.60
1731.89
1649.16
6243.91
789.92
5723.21
6693.58
8612.44
8331.64
9742.11
8499.02
2144.88
6516.86
9366.36
5816.95
3482.01
3896.98
8353.91
3873.78
1029.99
9204.46
7176.50
2955.98
4159.95
3616.58
4170.29
90
5043.24
8650.78
7008.09
3048.46
1297.96
7165.03
7021.52
4039.92
1826.96
8938.14
4559.96
5955.21
9229.54
3169.49
4530.66
3715.78
3572.74
5749.17
889.46
2961.25
2871.71
9121.97
1919.48
8853.80
1769.66
1347.64
3327.47
285.79
8197.69
9922.93
8593.27
6402.95
7462.13
5985.67
9618.91
8442.93
8636.84
8607.37
943.18
9583.38
1370.83
4468.98
6919.99
8218.88
4455.50
9806.91
9017.78
3545.92
5583.35
3145.71
4402.30
5017.45
4681.84
5065.37
3241.00
899.85
8687.64
5679.35
645.90
3374.95
1460.42
9252.74
6191.36
4207.51
9199.47
5625.29
4747.32
2556.40
4856.80
9011.53
3607.72
4937.10
7926.38
50.40
3125.37
2319.30
2079.58
7421.66
8250.00
4820.04
8514.01
1218.94
2376.43
5167.07
8847.56
3884.49
18.28
6076.76
6836.77
2713.40
10
7713.47
2201.32
4603.40
5821.96
1554.98
4123.19
2267.14
1512.54
9140.35
3443.80
195
3090.81
4466.96
5747.57
6056.57
4812.30
9155.19
7091.50
730.25
1532.67
117.57
7472.72
8233.59
6201.39
1340.95
6727.64
9647.83
8768.10
8782.22
3594.95
5074.85
2497.29
339.75
1471.09
451.69
6809.97
9724.10
6920.67
5282.60
7834.75
2923.14
7409.38
9490.99
8006.45
1232.61
8795.21
6692.46
7353.32
3675.64
6791.64
3715.04
1028.89
519.84
8507.93
4926.89
8538.52
5754.44
4036.84
9689.15
9761.09
329.85
5313.47
1378.54
4953.14
5987.13
1685.19
3297.40
534.95
6195.23
3037.99
6316.16
8589.68
1430.39
1305.03
3214.91
6057.13
9418.15
6779.76
7876.21
3881.05
1436.82
4065.22
3234.18
7585.03
6058.33
3567.33
9236.71
8526.34
5262.97
3192.43
2094.35
435.12
1477.63
4004.27
4365.35
3719.70
300.75
5855.10
4589.59
1744.96
3321.26
9908.28
7392.41
9114.75
125.66
5150.79
4421.65
3560.44
3208.19
3743.13
1879.34
5913.44
4729.02
3820.67
7514.31
8782.79
8858.33
9245.70
4037.41
4837.51
7537.84
74.72
4321.17
2285.23
3901.54
9066.36
8296.29
4422.31
5124.72
2483.61
1035.77
4596.88
2193.94
4469.12
4530.81
9066.87
5871.43
5277.81
2552.18
952.36
7109.22
4179.62
3724.74
5580.74
3273.92
7591.91
4526.17
4217.83
3977.81
4321.88
2883.62
1587.35
8062.44
201.73
7951.65
6230.14
5614.57
9051.20
604.47
9075.07
859.60
1124.26
7293.84
8423.31
6705.44
1968.94
1868.37
1631.63
3710.45
7085.00
2410.33
9267.04
2716.21
1695.90
4342.51
4453.83
4492.29
1304.80
5242.90
3004.93
2941.71
1084.69
8761.68
2093.85
2948.65
9317.83
4577.49
1455.38
5331.08
8467.29
2804.77
85.03
890.22
3604.75
6046.86
8226.05
2805.23
1062.61
1290.01
3084.24
1967.33
4709.76
9989.58
2593.15
6924.67
5210.03
91
3974.28
8341.90
1207.63
6781.24
8509.78
4971.48
5448.06
849.05
5489.37
2573.66
3396.51
7818.17
2732.88
776.40
4623.67
5661.40
8358.02
3083.75
5914.46
460.64
4896.12
7952.32
196.01
2566.88
7701.88
670.49
2612.74
6932.50
1506.80
6587.86
7689.58
1391.17
2485.85
1725.81
2965.66
425.54
5307.27
909.93
855.08
4281.43
1183.82
1037.07
3057.17
6471.86
1217.18
5941.77
9512.57
3613.30
505.94
3358.14
5756.04
4024.13
160.36
5762.76
279.62
9002.35
3027.72
8294.42
4076.69
8623.20
2481.03
4619.44
2428.74
2230.06
3867.68
7470.91
8919.70
9534.52
3366.37
4841.45
971.21
7927.73
6179.39
6438.26
7396.02
3799.22
3718.21
2284.60
1731.11
3457.22
155.66
6320.84
761.03
2772.60
1254.60
852.49
8651.31
3585.92
486.45
1822.21
1619.38
130
8271.89
2541.35
1864.62
4273.64
2768.89
2876.87
8508.81
2330.90
4461.55
8407.43
6166.51
5172.83
236.89
6974.13
2230.98
7939.92
5450.64
8874.06
3442.05
2288.79
8359.51
7977.89
2369.56
4893.70
323.36
8875.47
9328.04
654.90
6351.36
5128.44
4320.54
475.40
4281.00
4477.08
3932.46
1848.81
1444.89
2835.29
6857.03
4573.82
5810.83
2817.14
8786.94
2708.21
3893.64
7857.12
7760.72
8462.03
1259.72
6481.95
7373.61
9701.22
8107.29
5513.21
374.14
2716.26
3546.14
6757.14
4546.72
8063.90
8063.03
682.38
7062.88
3803.00
5894.72
7590.14
960.04
6038.66
3195.13
2519.22
6524.14
7114.10
5940.28
3553.79
2214.72
2330.30
4332.93
4053.58
637.67
4044.24
323.76
618.87
8858.32
9241.99
7939.84
9138.31
3127.43
2081.94
4990.27
8123.24
2594.12
4862.10
899.55
9571.47
6687.21
9824.91
1799.95
3967.99
6101.03
5143.02
7402.51
4643.00
7420.56
3332.24
7775.21
2775.99
8717.77
746.73
4104.96
3842.37
5455.18
6290.82
9333.16
8515.75
7911.01
4127.22
9664.22
1012.29
8414.19
4099.71
190.29
8923.80
6925.80
9478.44
9998.29
4845.15
61.59
1166.27
8276.36
8951.13
96
1896.73
1174.29
6292.42
9886.24
1459.34
3957.78
4414.48
1088.19
2390.32
7699.49
8193.89
648.67
4679.46
9145.97
5050.69
6345.79
2213.90
5170.39
6232.10
9987.18
4283.07
4453.98
8252.64
1574.16
3414.50
2729.30
3178.95
9064.51
9036.86
9465.28
907.62
8841.54
2445.81
2584.59
325.12
5933.64
6780.72
9391.35
6964.16
3069.79
240.97
969.94
969.30
3810.93
7641.89
9920.03
2621.02
4932.10
5229.93
7349.50
893.14
4767.21
4070.17
894.80
9362.01
7845.48
5445.26
6420.16
9858.95
7482.22
6753.11
8615.12
7452.86
325.61
2081.40
518.44
6341.39
3654.79
8722.45
6011.18
8971.51
3574.76
9655.27
8409.08
4940.18
1421.35
4777.33
9721.68
9960.83
5589.88
7262.01
113.75
2220.23
5707.18
9726.70
3191.07
5872.63
7306.12
1327.66
6432.52
2086.54
4820.02
6892.94
5303.34
3114.65
3332.48
116
6117.39
6225.24
9792.39
7820.62
4781.92
2217.22
9689.29
203.98
3276.29
8628.35
7989.37
5198.71
1611.02
4903.68
3623.71
7501.26
2517.72
5768.80
5320.25
3631.55
8071.59
8179.03
6057.67
4016.97
9590.09
5603.45
2027.69
7083.45
3635.03
3443.69
5513.79
7210.65
826.71
9255.79
5474.97
7573.48
9921.44
7594.21
3468.33
517.28
5576.41
8966.17
9611.87
7011.78
4203.78
6090.65
4996.12
2246.72
1981.42
4696.46
4872.01
2945.41
2527.85
5050.21
5301.26
9390.95
7958.27
9637.16
4138.97
9421.38
6417.99
569.21
2267.89
5227.09
6044.12
1788.98
116.12
6176.33
351.42
8680.89
7519.39
1137.90
2890.07
4777.02
6944.68
2926.96
709.62
8623.78
3639.87
1166.64
1614.74
6104.83
4236.77
662.03
752.82
5425.56
3190.88
2481.88
7975.32
5166.53
4825.04
8526.38
314.39
5200.06
5946.68
6148.19
9370.09
6509.54
8477.81
3139.28
3374.36
8009.85
4375.41
382.00
9055.68
6076.16
2588.13
7004.04
1447.17
8664.71
3809.34
2817.59
6643.58
9451.75
7417.84
4042.39
21
5406.18
2975.79
9216.36
9935.04
1507.88
7862.16
3227.11
6969.07
71.06
2601.50
3523.34
2459.73
6253.38
5897.72
5787.80
5577.22
1031.71
4656.69
8207.88
5702.92
4191.88
99
7529.66
4835.52
1978.70
2470.97
4421.35
4937.47
2033.72
8731.99
5431.66
1006.88
5441.43
2431.92
8662.89
2821.13
6221.21
513.30
6880.17
5114.25
9834.65
1268.13
6364.80
5476.20
7400.19
6680.65
646.06
5961.61
2774.40
9021.85
3092.51
1637.82
7706.96
4142.61
1027.66
1862.27
1423.99
6732.76
899.70
6638.82
6538.73
4657.84
458.94
6050.25
2710.83
9582.49
787.37
9492.99
3336.91
3823.84
1321.79
8650.96
2397.84
790.83
2186.33
3145.69
7836.41
654.04
4703.14
6300.53
2197.74
8907.92
6915.86
5079.39
9220.46
3243.75
2402.19
9028.23
8386.35
1312.86
8166.88
7893.64
5669.34
6348.37
8619.89
2854.41
3701.29
9707.49
4716.27
7223.14
4902.62
4831.39
9452.40
5706.94
6704.57
9185.40
6799.64
7414.02
4488.47
2887.46
1561.99
3721.72
9243.23
1059.43
2853.07
3747.80
7929.83
2705.29
6213.65
4768.54
3159.11
184
5680.00
3683.94
8836.14
7807.54
1242.08
6131.15
1979.61
8642.39
2507.74
8586.23
850.54
5689.58
1453.92
3671.09
1963.24
541.39
5868.66
1704.72
5426.38
1576.27
7471.23
517.48
9579.30
846.58
1274.40
7804.16
3033.27
125.68
4087.43
4350.54
9268.36
3436.03
3247.20
4761.57
5921.44
4730.90
1833.22
3684.29
6160.34
7365.83
3430.48
7699.55
2184.95
4706.02
9639.99
5204.58
3319.63
4463.28
3221.59
1778.71
1537.65
9089.27
2239.77
6181.14
2041.77
9372.50
8652.99
641.83
2952.47
2056.52
3255.50
8247.99
6743.53
6230.02
7093.61
3683.72
3113.32
9010.28
3812.15
1434.31
3068.89
2876.38
3750.38
6815.12
2490.10
4294.20
6938.88
228.42
8975.18
3050.79
920.82
8195.56
2771.42
1180.38
34.24
6670.07
3769.64
9369.54
4480.51
2529.31
5375.67
2286.60
1230.78
8992.04
9333.30
5054.73
185.15
4949.92
5810.02
3902.57
622.70
8169.71
1100.02
358.39
7025.04
8263.39
2758.39
839.57
4009.32
8887.64
3750.47
418.23
6090.58
5376.31
3953.06
9364.54
5059.21
5895.21
8036.24
4884.65
1190.47
2104.69
3120.95
4539.92
1614.31
1498.66
666.74
6074.65
1810.14
4240.65
3594.59
4862.54
3230.33
5024.79
8771.60
1636.85
9906.11
6748.45
4538.89
1479.61
9989.06
492.00
4094.09
9752.88
9502.51
2267.77
5168.92
1457.45
7120.24
4437.23
9775.65
9753.76
2089.50
721.62
819.92
4587.86
6035.28
1872.66
4359.87
8696.11
1418.71
1757.47
2279.86
1039.71
1.57
4684.13
3473.71
4921.41
8449.34
6994.83
6406.11
2797.98
1876.29
3433.36
9536.79
2912.52
918.93
9608.56
1721.52
5279.57
2069.78
489.19
3804.39
9865.32
119
4646.94
7421.67
6775.29
7223.83
9688.23
3067.45
3309.32
1720.04
4664.74
8023.77
2439.34
3966.30
5313.48
5413.00
839.34
9932.56
1745.82
8749.17
6432.75
7543.87
1079.46
5591.01
7561.89
6193.99
8796.47
8654.98
524.08
2135.79
8025.81
738.56
4212.84
7688.79
109.77
9517.06
9960.90
8216.67
8746.15
1480.11
9069.37
6037.38
3632.87
8514.95
7747.41
2462.82
4217.34
1752.44
9757.64
5181.43
5113.41
1881.19
6598.65
7386.37
8644.38
3095.58
6848.38
1132.64
7357.64
4850.79
3788.90
1133.25
7199.28
5606.14
9736.47
6858.11
6202.23
483.30
7871.46
2695.54
1307.44
8266.83
6716.43
4920.93
8483.22
6228.63
7819.68
4165.74
6223.05
5946.32
5394.19
6402.97
6279.79
2469.08
4523.45
9599.89
6035.52
9005.89
6616.59
7107.36
6017.10
1693.88
1772.81
9558.48
1961.63
4154.67
4953.72
1071.74
631.68
448.88
8870.18
1458.47
803.64
1962.63
1434.89
7018.49
7934.43
8752.92
9834.89
8496.72
1791.44
7270.59
9717.92
5526.93
8550.33
3283.58
4798.33
4094.74
1677.15
3629.27
5162.14
61
2370.96
1309.02
7635.64
4566.21
9913.65
1854.30
7379.18
7243.45
3324.56
2078.75
139.20
23.78
8023.65
5801.70
751.64
9203.92
8450.40
1185.29
7111.88
2417.95
9854.04
5548.50
4138.15
8054.99
8758.23
1269.62
8642.35
40.90
2310.52
9305.73
524.40
1497.93
6160.19
9367.50
5522.47
9829.55
9380.44
596.02
9733.32
8911.46
2881.74
7179.89
1276.03
2367.05
5777.10
6495.75
2473.38
963.49
7189.84
5599.51
9590.90
9608.50
376.88
6071.58
1982.84
7417.76
2020.67
8937.05
9080.99
2046.31
3770.53
82
318.37
5656.68
1145.88
7464.20
8251.94
282.68
8713.42
8085.32
9940.34
224.33
885.51
9127.12
2304.14
5790.75
7034.35
1957.72
7663.00
8039.92
4057.35
2582.73
9978.96
7023.43
1650.82
9715.89
7266.06
4839.57
6846.55
4071.58
3038.74
9967.98
7738.95
5542.80
9105.56
5875.52
8586.14
64.84
3168.59
6746.44
2818.99
4931.10
9915.14
7934.68
9058.05
6109.28
1097.57
1926.74
1542.92
2970.76
3655.02
334.33
7856.01
9843.04
559.14
3835.81
7308.46
3253.62
4744.39
9711.07
5595.73
2766.15
5345.74
7355.84
9474.25
9307.70
8304.00
7139.51
7314.51
1023.65
1159.32
5436.66
1913.71
4429.92
8139.25
6400.71
4271.54
195.65
5219.61
8871.64
5920.67
3802.60
2110.09
9065.99
168
2887.22
5664.09
7761.44
8067.63
4859.95
6262.46
5469.72
5289.96
772.51
9658.50
3529.56
1517.93
8012.88
3637.24
615.84
5419.97
4671.37
3833.81
7355.37
7506.03
45.56
1025.94
595.55
6409.74
7222.82
3175.57
9454.87
2225.36
6765.10
7108.59
8189.79
1578.77
2768.85
4813.57
3766.41
3201.37
9815.33
8387.57
5987.98
3775.22
8173.17
1294.69
4287.99
8377.46
4958.51
5122.49
1575.35
8528.48
6473.43
3869.11
2564.75
604.63
5583.85
8074.29
2124.39
4081.25
2501.67
79.57
639.69
0.91
5719.29
8283.19
5071.68
6397.43
5906.75
1515.94
157.56
6734.58
1402.94
6333.25
7469.40
6235.76
2373.66
6981.96
6251.55
7185.76
7913.38
4597.72
9071.73
9686.10
8258.59
3518.22
4343.95
7153.30
3062.91
5812.38
3249.46
3184.20
7344.88
2735.39
9056.87
6800.12
3525.56
3990.61
5421.76
8952.64
973.71
2733.89
7055.65
3367.16
2001.54
9172.07
852.46
7059.59
4415.06
6520.88
9837.40
9337.22
7912.75
5787.95
2378.65
5843.68
3017.81
6282.78
8228.69
5692.33
3278.58
5529.53
3922.81
3322.63
1414.56
9131.46
7671.28
2184.03
8439.24
9522.36
7485.32
8384.58
7855.53
4014.07
2251.35
9123.71
9373.64
1337.32
9722.29
2055.60
3606.93
1361.83
5867.37
8100.39
9501.63
1910.49
9184.58
5943.10
4273.42
6749.79
933.70
2246.57
4065.25
9797.62
6826.89
7074.34
5890.34
7349.81
8581.32
197.82
4451.49
5354.53
491.60
5780.64
3680.37
5280.89
9444.12
1729.81
3148.92
5413.89
8730.13
6022.23
122
5096.12
808.79
7207.04
7423.27
5819.31
545.54
5605.06
5018.70
3592.40
4157.95
7439.96
1251.98
2781.40
5422.95
7110.34
2457.69
8889.14
6951.01
5323.21
575.51
436.67
2360.39
9039.06
918.42
2294.33
3863.82
5714.92
6503.04
1218.17
7520.66
667.71
8061.87
861.03
5648.04
5417.99
4753.03
7688.43
7595.58
3418.46
1227.65
734.77
8272.69
836.66
7313.91
9338.00
7.24
6165.88
3116.56
1401.96
1075.08
6907.53
4078.00
5519.77
1666.47
1834.03
2551.91
8771.83
275.19
7241.71
8031.71
6166.99
5167.12
7881.80
1466.47
658.95
3397.01
2065.36
7477.58
5234.41
5015.14
3831.34
4935.16
1680.97
892.32
7508.74
2719.04
7905.32
6775.07
4862.99
5810.38
5845.75
3576.74
7069.29
2656.05
1523.24
8861.81
1682.41
9315.37
4174.24
8365.08
3662.08
8820.07
1935.62
114.20
3359.21
5812.55
1590.62
232.28
8571.44
519.29
1477.90
6257.13
1643.36
1887.44
2008.02
5328.07
1830.43
4970.22
2179.67
4892.62
2384.62
875.32
3048.22
8738.32
7080.30
559.19
7940.96
1755.65
2112.04
4006.27
2155.85
512.59
100
9707.42
2404.90
628.86
5574.46
2455.90
4002.44
5267.16
944.11
206.09
5044.19
5530.92
3099.85
8762.80
5022.86
3924.47
3498.95
342.58
6582.32
6576.60
5000.36
3309.88
4686.61
964.71
7224.38
3656.88
6286.46
252.30
3931.54
7865.90
4678.42
6941.91
6958.99
3747.25
7897.36
758.81
5108.37
3544.58
6547.71
3956.56
8248.83
8186.57
8002.93
1544.08
8587.43
4962.73
5583.49
1278.68
781.84
3316.17
515.23
5181.73
7443.67
5864.80
3681.07
9379.62
5132.64
8451.28
3577.04
5346.87
601.72
4030.64
6789.36
3258.03
6660.99
8862.55
702.41
6798.94
9326.13
4893.95
3162.16
134.61
2057.19
1790.33
6246.81
8001.97
1931.23
3973.25
7084.15
2342.55
5990.95
8703.95
6405.73
6295.96
2140.71
7953.28
9002.09
3554.63
7595.30
35.28
857.09
7378.69
2708.53
3053.51
7063.91
5365.30
9105.39
5696.46
6890.66
9265.47
7406.85
123
6953.30
1685.19
1872.01
5833.77
7409.35
5865.12
1293.54
9296.69
6604.54
407.60
8182.90
1475.12
6540.37
6843.65
1290.74
5381.50
9892.01
5371.06
850.07
3995.91
1760.38
8542.64
6537.61
5495.99
8711.41
6768.71
6359.39
5658.26
9417.18
5377.93
724.77
465.30
6004.04
4845.13
1529.02
871.10
1321.77
2364.41
6674.23
9953.62
3223.08
9972.73
8086.19
9273.72
3687.77
7196.37
6798.03
5899.48
4500.54
2014.69
4347.13
7263.01
6111.43
4658.24
1750.36
6590.21
6345.63
3258.07
8273.02
4164.60
7513.97
7049.02
3581.98
7014.47
6090.20
2140.39
1575.08
2890.67
8008.89
1774.10
9012.52
555.23
4494.33
9494.76
254.76
2632.53
510.51
1291.68
3055.40
5572.21
7934.44
5103.25
2990.61
2903.27
3565.96
1196.57
3161.58
7971.44
3419.12
9974.95
5121.09
4076.11
7371.37
9382.18
9292.67
7471.02
5312.25
8954.92
2623.01
9456.69
8224.10
2942.64
5890.47
945.94
6090.37
9021.83
7448.23
7882.39
2766.20
9759.66
7579.29
971.15
4721.15
946.71
2856.71
3859.50
2290.41
8565.00
1618.71
1480.88
5321.72
5862.44
4971.61
140
9108.59
4677.05
6619.03
5323.71
5640.93
3732.40
4682.91
7296.15
1523.40
8581.32
8837.96
416.38
9606.28
7709.51
2238.65
7756.64
1297.45
1057.19
4496.37
2185.97
686.57
6940.46
5388.31
635.32
7680.48
1649.71
8982.56
38.77
3143.03
497.74
780.83
8763.72
5033.31
6942.70
1558.64
4705.55
6377.10
6810.76
7470.11
6331.13
6878.47
1310.71
7239.21
1486.63
3529.69
6219.85
843.78
4691.10
7811.01
5610.16
5881.74
1656.67
9246.84
9091.19
5066.19
7925.06
6118.78
8616.09
2209.70
587.79
3098.98
8307.58
2214.86
144.59
4190.29
1918.69
9483.47
6511.00
4525.57
2889.52
6689.66
5156.40
828.89
1464.91
3840.95
8259.80
2374.39
9003.15
4186.98
1819.16
9445.97
7963.40
5948.72
3826.00
7114.26
5675.69
5556.78
5189.02
8771.52
3966.87
1536.31
4106.84
6622.50
5166.35
7197.83
4380.52
8199.12
7603.95
2630.38
7833.61
7082.95
2129.99
1297.33
2962.32
8173.31
1653.64
6862.09
4345.93
8977.98
1462.58
1183.66
6662.33
7130.97
1938.48
3090.14
612.12
4417.18
2032.37
9336.50
6174.08
424.25
858.10
7763.67
7695.04
6118.19
2377.22
8186.55
9936.71
3380.96
293.43
7943.25
9723.83
239.70
4888.19
6737.29
2903.11
199.76
3082.12
3704.91
5356.18
189
7001.59
9254.27
2516.00
2730.53
3799.26
4771.22
7701.68
4233.99
1485.71
5792.65
2379.51
8356.68
7672.96
3645.18
3726.09
1381.12
3035.87
8171.85
7443.42
4174.37
1122.65
266.64
8267.23
496.07
5080.68
9156.22
1910.31
5454.99
8628.76
1267.93
967.37
4365.89
8954.17
7063.86
2530.60
9980.38
8425.34
274.05
6663.16
6541.24
7403.35
2800.88
5468.24
6256.58
3853.34
4374.94
1072.98
1679.60
5777.22
1406.43
4499.70
2840.24
8119.97
5891.03
3982.95
2692.27
7183.11
5594.09
1951.69
8052.89
7680.67
7860.25
1556.76
5420.44
2397.87
4488.22
1487.97
4211.90
3493.24
6293.55
7880.50
1575.68
1386.18
6779.17
3623.31
8172.70
9989.29
2177.90
3402.92
8502.10
904.81
3859.21
672.53
455.70
8766.69
1449.57
4542.60
9952.54
1861.65
5151.43
7735.41
8521.95
7727.00
1717.47
4407.23
5518.13
849.70
4806.55
273.17
5865.61
6665.42
385.08
9307.07
7610.51
2591.11
6218.42
6849.72
7506.78
7166.21
1.57
9542.70
3968.21
3903.14
8396.36
7691.15
4197.17
8065.03
3166.49
5809.28
543.47
5237.25
6133.18
5859.46
2191.80
7710.07
1119.22
4482.72
4322.92
2844.76
4120.72
8041.47
2793.73
787.16
7263.57
6039.97
8145.59
3186.72
3689.63
6221.53
6044.63
569.93
9309.31
914.23
9903.63
1332.68
9688.77
9836.84
5912.46
7113.86
1456.94
6197.10
6646.16
6782.59
4169.17
406.49
118.81
8134.28
1108.16
4773.97
53.90
3397.76
3001.08
7080.76
6351.79
2091.17
2954.18
5714.62
3511.78
4941.66
1327.55
2074.36
8026.22
2349.53
6975.15
1040.49
2579.24
4107.83
3846.23
9527.89
6981.85
7192.22
5878.55
9350.89
42.65
852.00
6311.04
9983.87
7550.78
2932.93
46
1214.66
3931.43
5347.31
5358.84
5369.20
6279.30
6410.06
1794.60
4719.65
1889.27
1945.96
4790.98
6143.08
4254.94
8738.02
6280.18
2121.77
8114.28
3157.55
7777.98
3099.96
4468.37
4350.73
5434.42
146.25
9716.30
6844.08
6105.81
1209.13
4930.58
8092.76
3358.90
7167.71
7787.26
5583.04
9545.01
1828.22
9369.47
8396.64
1288.86
232.11
4740.05
4465.05
699.57
2644.93
1245.77
3
7010.54
3682.23
3543.50
169
3280.03
1781.71
3557.02
9510.79
9227.70
9009.96
6366.22
2997.19
4645.99
3640.67
6439.04
2036.33
2414.72
2482.07
9838.84
1155.49
6675.88
9270.85
6928.06
8751.98
9812.70
3073.02
1654.38
8926.66
2547.24
3307.86
412.68
3222.11
9656.90
8286.71
8548.44
4513.66
848.86
2865.79
1283.15
9071.50
2467.82
9560.62
8835.84
8817.73
2596.29
1153.81
1076.71
2762.24
5294.82
2119.66
3627.52
268.89
1185.12
45.27
6021.21
4461.33
2170.52
6383.23
9611.37
9040.50
92.13
1344.27
2294.95
7898.77
8715.62
9327.94
2852.76
3056.75
8221.84
6075.07
6549.79
1024.54
2828.18
4569.70
7455.48
1141.22
8196.77
4762.14
1284.85
6743.12
2697.70
9352.75
5120.98
3156.69
8602.36
9373.83
9512.35
7037.82
8003.89
5119.51
1653.60
3050.76
7223.10
9369.98
822.63
4392.48
91.31
5884.00
4281.63
8348.95
8644.07
124.25
1434.16
1576.75
2155.42
5242.81
9299.01
8826.23
6242.72
1884.17
4105.31
4581.46
1032.04
8531.58
2979.62
7839.92
5558.42
1387.19
9888.25
3773.98
8051.64
1371.09
9975.79
2121.43
3302.81
6268.55
2621.06
5189.34
7601.12
9646.14
2485.17
9701.29
3861.88
4476.75
8783.18
7280.60
8530.32
8821.34
354.58
1081.09
3040.98
7055.30
9879.67
8423.24
5346.75
2422.29
6987.04
5768.36
7017.04
2853.96
1873.99
7001.12
3261.46
496.39
8427.56
4854.45
2987.38
8000.93
6354.42
8997.46
3580.44
8916.86
3325.95
442.69
6842.86
1296.95
1098.04
7672.37
3680.16
9504.40
9609.34
4423.43
2342.87
6
3487.24
6129.40
8862.45
9115.23
9644.56
2344.55
129
9605.50
8837.15
6356.43
1753.12
3080.14
9430.22
2940.60
9522.58
7360.41
7108.35
7672.28
8590.31
4678.36
8930.62
260.37
9222.46
2597.64
5707.84
3418.27
742.76
7691.06
48.37
3272.50
7253.67
9660.08
3122.30
7205.06
4104.66
3503.49
5929.90
7330.56
8937.94
656.16
7980.94
9057.97
8633.21
7710.77
307.67
2943.30
6516.59
7672.83
811.67
7399.77
5226.27
3731.24
8405.46
9923.03
8477.14
7582.93
1232.34
4968.28
7381.96
2542.91
1567.50
9174.39
3118.67
8391.22
1610.27
5486.65
638.44
8331.84
6219.75
137.62
7249.93
5018.71
9326.44
3187.44
3661.48
9578.12
4031.31
9215.13
3189.34
5442.22
3697.11
9137.38
1028.83
3903.57
4216.16
3386.91
9824.07
5186.35
333.67
6717.85
9254.75
2866.94
800.32
3659.94
6385.79
9307.56
5263.02
3586.73
4404.65
9815.87
7376.59
4998.54
813.36
6215.18
3483.93
8980.76
1768.73
9891.50
9379.05
2947.26
8098.40
6941.60
1801.15
3312.86
5495.50
6330.24
9231.54
2284.58
7847.46
6804.33
3757.21
1677.36
8829.94
1318.73
2859.20
9735.54
4444.74
3794.61
5273.22
4096.73
3657.72
2831.55
6999.41
1022.95
7662.50
9482.96
179
3126.50
1426.20
1118.01
5508.37
2351.60
6341.43
3749.26
5502.86
3780.82
6194.39
9802.64
9431.39
7796.60
2851.35
4224.98
661.44
1649.47
4558.39
6925.94
9990.37
7006.74
1442.75
4978.15
6647.73
2547.46
6505.08
675.05
5838.64
2135.33
9312.89
6676.27
3773.12
1072.05
5866.65
3041.19
5943.42
8975.81
5235.20
2230.18
4101.89
6037.20
8979.34
2188.63
7278.33
4905.98
6939.05
7752.13
236.95
7914.20
5394.75
932.11
2143.09
5434.65
5076.90
8553.47
9680.10
7127.41
5048.04
4392.87
3374.99
1895.91
8578.98
3862.81
7059.86
2337.68
2156.89
4640.01
6976.24
5151.13
3471.15
1962.91
5435.46
4691.47
7306.61
3922.82
753.81
4035.44
4819.11
9524.79
9614.43
7421.91
5670.89
960.82
4452.85
2725.16
9362.92
5059.80
8962.09
158.90
1124.28
6682.28
1562.48
8204.30
4618.42
6615.91
4534.71
3838.38
3121.92
6788.12
5481.98
7572.99
8747.57
8111.70
5534.38
5196.66
5653.22
8567.21
3058.07
5067.51
4337.83
7031.81
3061.75
9493.98
5320.75
8500.08
6638.66
350.99
8380.69
8600.11
4934.26
6332.02
8651.95
5362.10
1735.50
2886.01
202.82
8001.84
3940.58
6213.47
7120.64
773.46
1148.20
2014.46
8878.27
2743.89
3318.25
4837.25
2036.73
5442.11
7974.26
8747.37
1738.36
1821.93
7470.11
8031.44
456.87
4707.13
9314.38
3206.51
5996.14
7006.20
2975.66
2696.42
7575.26
1413.81
9679.85
1161.75
6215.17
4262.51
4807.63
8164.11
673.08
7638.19
8118.28
4172.51
1377.85
92.73
5329.63
7974.79
4636.63
9327.35
5896.53
468.63
6646.39
8409.09
9129.26
4231.26
9298.36
9533.43
164
7895.39
6559.88
8449.14
5032.51
5410.82
4411.63
6592.85
3867.97
5999.49
8373.76
3193.44
7748.13
3798.56
8939.25
3338.83
1048.82
1647.04
6523.54
765.41
5507.24
551.42
7517.38
2233.82
5522.28
1441.78
1782.32
8373.11
6791.75
4810.63
8450.59
9170.11
9331.73
4651.13
1582.25
9494.98
8786.04
8250.47
4400.50
5610.42
1858.14
2349.48
1182.69
217.10
2540.13
7985.25
9049.50
4726.89
581.16
2052.80
8893.59
9896.46
4998.36
8851.16
452.82
2245.38
6208.38
2245.58
2400.08
4655.60
6026.26
738.84
4536.28
6813.61
5974.29
7890.29
7385.01
9605.77
9359.28
7872.29
253.58
7885.43
9857.79
6261.87
4108.92
7151.47
0.43
4713.70
1286.49
1349.64
3226.91
2264.06
2382.23
4246.43
7010.16
7518.97
7852.37
4430.96
5991.52
3761.15
452.43
1051.31
9860.04
1477.20
6178.25
1751.70
2729.73
398.59
8729.58
7085.94
8563.01
837.91
2506.74
3866.84
450.84
3887.38
4985.90
8674.04
2646.43
3463.26
3118.67
8071.27
667.61
3792.12
3691.14
3245.91
1700.15
1837.73
1788.60
8827.09
272.59
488.97
8482.94
1894.63
710.30
9726.56
1333.73
1769.77
1348.47
6149.83
3421.85
1473.93
6680.73
7394.48
6473.43
926.32
3489.13
5360.56
5643.76
1480.97
9147.19
8579.56
1085.39
3514.41
3468.36
9295.60
9297.61
8984.82
6105.69
9262.89
4126.46
490.68
6165.12
1248.60
8244.38
6941.53
8604.78
1682.83
4980.20
3877.47
7539.15
6757.65
2893.51
7379.20
1792.67
18
799.69
3821.18
5147.89
8566.01
4766.06
1141.72
7563.40
6658.93
5533.47
9321.84
4205.64
5223.60
899.10
147.10
4112.54
5215.10
2754.08
6622.14
178
2261.31
9043.79
6446.77
691.33
7800.16
2152.80
8355.64
5678.38
6559.97
3759.98
4764.50
1638.93
686.33
2620.69
4727.65
145.31
7787.39
2973.11
1648.86
2376.56
6940.49
3205.46
5238.65
5009.04
5591.63
4334.51
4890.59
1462.54
8130.51
6915.08
5758.78
5541.09
7615.45
814.10
1436.42
7036.50
9062.01
1333.29
1123.55
434.61
1336.43
5354.93
673.47
3021.60
4980.32
4318.85
7844.44
2126.10
2239.16
5131.83
2663.28
307.14
9706.15
2679.39
5014.58
4517.21
1890.35
6981.87
7672.31
800.22
8768.93
6642.48
4038.56
247.77
2114.64
6912.21
4175.67
7713.34
3760.06
3190.63
9426.50
306.01
5658.49
8241.27
7403.54
3746.00
2849.00
6883.52
3566.63
7209.21
9481.25
4892.21
9454.67
9921.79
7688.38
7660.03
8126.78
9247.73
4127.16
8632.78
5019.06
1758.63
8779.85
1294.15
3534.12
7357.73
1508.83
1643.79
3832.03
6178.09
9780.84
9673.05
5843.63
8072.45
3872.44
8698.81
2124.19
2100.96
6202.94
4872.23
7229.89
5699.51
8716.45
6450.28
537.29
29.68
5485.79
3121.86
2322.84
4381.13
8000.53
843.17
5243.25
1084.11
3526.18
2189.85
7657.16
6016.68
5108.09
7514.53
2333.73
3936.04
7400.25
8451.72
5616.16
3161.52
9715.14
4188.39
2940.45
8878.20
5237.20
7973.49
7424.99
6963.63
8970.63
8537.71
8001.18
1867.83
1986.52
9303.44
1984.10
8958.95
3207.26
9760.85
7104.11
7800.21
4165.92
4349.81
8633.08
2118.98
5779.27
7207.96
5423.51
1496.43
7585.87
7716.00
2295.87
928.62
9562.67
4792.67
6401.78
6930.67
9516.90
4171.16
8882.60
2469.79
7155.86
5637.88
9
75.57
799.48
8553.47
7309.35
495.88
7882.42
7429.51
2414.24
8410.57
109
2334.87
2046.00
2304.57
2325.44
5289.90
3907.75
616.43
807.06
6320.19
6713.89
3851.13
4311.69
5633.36
1456.20
3270.12
5820.50
9510.36
4928.47
1991.73
1016.20
1428.66
9165.21
7458.00
3693.36
28.34
9318.74
4005.91
4172.20
6569.25
7591.36
7140.99
4027.09
5188.19
3454.02
3619.86
9248.21
4639.40
100.80
2834.08
1352.93
4281.92
4269.87
9636.60
4893.68
5265.13
4849.81
8703.53
7740.97
9465.01
4508.84
7976.66
1956.39
9451.54
5638.37
8538.56
2043.48
7241.25
5678.12
442.58
9939.51
3833.78
9155.48
6220.47
2883.55
5478.57
2074.85
3842.77
8892.74
2606.28
4464.73
9290.49
2158.04
8632.03
5541.37
1245.04
6421.98
5046.01
2971.52
8.80
2044.70
6906.83
8786.24
3077.36
2753.38
6007.56
3568.24
6900.63
1286.41
3462.96
2343.59
9553.33
1602.45
6544.08
8171.35
1201.32
5871.36
7445.20
6541.74
7471.82
975.67
1895.23
7444.34
6840.88
5135.98
9616.09
5213.63
3825.25
5971.64
4484.40
128
9649.36
6788.29
1676.00
2305.55
5848.24
5150.58
279.61
2226.10
1318.22
3382.48
9973.95
6026.44
2147.83
3105.55
7898.69
8636.19
6318.39
8371.27
9244.15
7729.65
2379.22
4495.83
1176.45
1497.49
5454.83
2020.75
2247.40
4329.65
3565.26
8992.06
7562.56
3355.12
8027.90
6193.11
6753.31
3730.37
9605.52
2334.97
6681.39
3047.19
5675.70
2286.02
2168.36
2478.31
6780.43
6023.82
5660.55
4812.78
4887.29
8462.75
4296.27
3651.90
2128.14
7027.74
422.90
8320.76
1905.57
715.90
8211.59
860.51
3456.73
9352.47
5036.81
3446.54
3279.16
7277.69
6033.93
1149.78
9451.46
1297.07
4432.91
8829.03
7676.59
7423.45
8509.28
5596.79
5846.63
5799.66
9320.36
2507.83
9741.73
3810.29
6736.73
1426.94
8953.90
6397.97
5974.03
6270.40
4748.28
2151.58
3122.83
3596.11
973.55
8020.21
7714.10
2731.88
3601.79
3247.92
8702.69
6955.28
2462.68
73.65
9362.56
5625.04
1341.45
179.21
7335.73
2351.21
6093.70
9112.53
736.54
9295.69
8709.88
7807.56
5966.11
1315.54
2409.34
9744.23
326.20
2978.61
5587.50
2649.32
4131.52
4356.14
2664.38
5371.84
5705.33
9072.04
63
8645.04
5210.96
7288.18
6042.46
4873.25
2935.72
2333.47
8294.79
8389.44
6521.17
8528.82
8545.25
7381.42
3251.76
8687.33
129.85
9979.22
5303.06
7828.30
8674.19
4957.39
1649.50
8165.10
1633.58
6794.64
2883.58
3521.40
659.31
2137.05
8655.09
6391.04
4339.71
1251.49
9855.09
1057.19
9437.21
2084.62
3509.98
2981.61
2841.07
3843.53
983.59
301.26
2839.92
1400.24
4286.02
3244.68
3404.13
5640.76
9738.50
2903.44
5528.54
9506.20
8031.29
1644.04
4548.21
5817.49
8831.32
3885.43
6090.60
3975.34
1948.07
1638.00
151
5754.53
4956.39
3526.41
3416.94
167.78
4816.85
6705.40
5829.73
7793.44
3047.08
6611.31
984.13
2105.90
6406.27
1640.26
9593.23
9815.97
7791.39
6154.87
7990.32
1644.89
1446.20
1526.19
579.00
6480.50
7895.82
7826.41
4427.43
4685.61
3891.92
8194.43
5679.95
4167.70
1642.67
9473.57
3119.78
6428.14
6670.08
424.22
2309.32
9470.86
655.12
7380.02
5518.92
2479.22
1872.65
4662.10
7048.24
412.30
2466.06
7190.66
9616.89
9003.56
6452.73
7616.51
6983.11
5475.06
1480.97
2799.48
7724.77
3048.47
8876.80
726.85
9726.71
8010.06
2231.40
918.63
9060.61
3673.19
2900.58
9211.15
7970.67
2612.18
8435.24
2534.08
7100.77
5578.76
5661.21
5164.04
7082.58
5654.08
6311.14
5001.73
4470.68
9561.39
8616.39
5006.92
9739.97
4325.11
838.94
149.21
8786.23
8301.42
1511.39
6484.67
9883.93
7243.28
9214.34
4422.62
1303.73
1752.15
1517.79
9358.40
9379.14
4991.25
6615.40
6853.59
6496.57
3707.32
1963.27
6961.26
4682.73
773.42
5579.98
9420.94
4748.91
2.65
7659.44
2864.50
7553.07
9798.94
1787.33
2242.55
2241.11
9246.78
6735.49
8043.44
3370.53
966.52
5843.82
2956.91
1799.55
8978.43
2097.74
9138.14
2995.90
5959.98
2791.88
5640.01
5992.62
3711.34
9161.30
7671.17
9258.03
8959.07
8492.71
9652.40
9077.29
6455.53
337.19
3414.91
147
4828.56
4777.80
2921.99
7535.32
1992.54
909.22
2493.36
7530.38
4869.14
3320.54
7342.67
9885.44
8434.80
5397.57
2258.60
7988.33
6996.74
1548.67
6204.58
5217.65
3413.12
8281.39
499.62
429.58
1562.98
2599.80
4871.18
6467.93
2613.80
8040.79
6121.20
4816.12
4937.11
5316.34
6279.04
8836.58
1325.91
8878.77
2073.16
15.68
441.16
9582.92
2260.72
5950.57
4161.50
196.69
9015.52
7829.41
262.57
6928.56
176.93
6379.98
4175.75
9922.24
9972.39
3858.20
2564.74
6247.24
1893.27
941.14
241.23
4126.68
2057.86
9356.03
5173.92
9735.01
8748.06
6853.49
719.72
2018.63
1249.27
1509.47
941.67
4698.04
1831.68
8264.79
2227.06
2364.43
138.88
5686.20
165.21
2755.61
1634.05
3918.69
4601.00
4660.75
6612.02
2111.38
2293.81
9143.21
4915.87
1811.44
7058.92
5972.55
3480.23
1159.06
2557.46
1315.33
9520.38
7568.80
5971.69
2250.51
5240.23
5987.11
9124.87
7854.14
9766.38
7971.66
1681.99
1154.35
8334.94
8597.46
2930.92
5809.39
6049.60
3568.86
359.90
1934.17
5559.93
5569.41
5409.54
7026.39
2328.04
4637.57
7015.31
6759.85
3589.22
2692.62
9026.10
1763.17
4278.74
2886.63
7476.40
7038.75
4986.58
3516.95
1724.10
954.66
9086.68
7245.46
395.27
7724.96
2523.63
5440.17
9184.16
6850.59
5063.46
132
5156.19
2398.79
4143.86
8370.45
8139.03
5435.77
5591.57
7836.52
7939.10
1982.93
1491.32
5229.09
9896.63
3035.26
7252.03
8193.88
6130.21
362.30
3565.85
599.92
5693.55
3813.88
6416.50
5612.34
773.66
887.20
9771.21
3685.28
4535.04
4498.33
2071.67
8913.92
7822.60
8765.22
3390.65
4394.77
9772.83
7582.06
5192.24
9961.72
1574.99
5684.65
7353.94
6871.05
2830.65
4517.18
6590.36
1835.57
7868.84
4663.24
9053.06
3048.29
1207.83
5954.08
5843.23
9435.42
363.77
5078.31
9918.28
9942.41
3174.59
6958.95
3636.63
5943.11
549.88
110.20
8484.29
8287.98
3418.36
1320.68
8661.34
2645.20
1002.14
1418.63
2756.04
6865.49
2308.77
553.00
8060.42
1504.36
1837.90
8771.96
8826.40
6403.47
6419.41
4.28
7349.42
9564.07
2337.04
5562.34
7903.04
9293.68
9477.86
6606.41
1717.63
1781.31
3248.69
4665.02
3169.31
6523.36
1011.27
226.22
5667.58
4203.88
435.55
2938.00
1234.12
1207.22
4612.59
3326.45
2061.20
2544.03
7196.16
6808.74
318.28
8892.82
8973.73
1700.56
4814.84
2147.21
857.42
5857.23
8779.96
8416.54
2614.81
2414.25
1721.69
4114.53
9044.27
6080.43
3099.47
3503.21
52
3768.58
5179.20
8909.86
2410.17
9610.79
4023.48
4531.20
8314.48
6093.60
8959.93
3167.09
3551.62
3062.08
3211.67
1925.58
9282.30
1487.93
8588.71
7610.63
6331.98
2388.44
433.68
7495.72
9169.03
5239.04
1374.74
4011.59
5904.01
8168.20
3131.75
7699.34
9795.14
1590.60
9696.49
6924.86
7347.86
1561.79
5994.77
3294.05
5275.25
1767.20
7748.45
1586.46
30.45
7843.41
8081.79
3127.87
553.48
2723.74
7632.46
2798.43
5544.21
158
8988.25
5924.20
8764.26
955.54
5413.05
887.78
9397.68
3119.17
3565.70
2832.53
3709.33
6887.29
1554.59
9898.61
507.20
9541.06
6785.96
5244.53
7149.55
1852.52
3019.79
61.12
7978.70
9318.52
6483.06
6916.65
581.09
1482.69
6232.57
1278.50
1670.25
2906.79
1911.70
6793.30
7698.73
6443.26
1095.02
6882.62
1590.59
8197.93
328.07
9091.11
6844.62
3886.55
6296.55
7231.43
1315.99
4518.92
2129.47
183.13
2399.10
734.74
5265.13
855.96
2296.83
6315.43
7481.38
7612.92
290.90
2963.38
283.92
6812.07
9177.83
7336.88
3815.87
5171.75
5587.33
3424.66
9533.31
5651.69
1069.57
5913.94
4102.70
9388.61
9470.44
4431.57
8116.82
8000.72
86.72
2007.58
374.75
7010.74
8813.79
317.95
9491.05
9115.57
6407.07
7108.92
5631.77
93.78
4044.90
9496.43
8143.31
4987.30
8608.11
8782.34
9951.64
5173.87
11.55
5154.98
7847.18
572.44
9101.66
2669.41
3405.85
5660.43
166.19
8664.69
2374.92
3551.68
7114.73
6109.29
9206.08
2066.34
6540.54
15.68
7157.09
7652.17
5853.55
9181.54
5401.22
2983.72
6703.31
5154.16
1053.39
8016.94
6240.25
940.23
2399.37
816.84
4177.24
963.45
7135.26
7364.22
6925.71
883.53
6606.72
199.60
637.28
4812.90
179.52
5751.96
9159.26
8291.03
7555.74
3753.74
6619.94
7093.02
6433.60
8647.55
5535.30
4961.24
7037.00
9384.90
2444.52
1961.82
8136.82
7700.10
38
94.67
3954.73
5666.99
2580.24
3646.29
1268.57
6122.17
9176.75
9593.41
7893.37
7031.58
4788.89
3074.80
42.80
5910.42
8307.25
5885.84
7712.46
8457.47
30.79
2360.26
5779.94
7269.13
5572.02
8535.54
8880.10
146.47
342.78
2710.41
960.81
1548.01
2084.30
356.42
4709.82
6275.14
9679.78
4711.05
1503.82
58
8443.17
8531.54
2183.85
8328.20
7057.58
8609.25
1605.10
9360.01
8220.00
5320.62
2625.19
2747.66
2242.40
6218.12
5843.00
2200.03
802.68
8342.25
1124.16
4672.98
1703.70
5371.05
2671.97
7073.89
6885.54
6129.02
6329.60
4401.05
6579.64
2472.70
1917.14
9898.89
5956.75
679.77
3982.78
860.51
5000.69
8625.48
6429.91
704.57
2762.61
5070.56
3402.17
6873.94
8274.68
54.56
4675.98
8083.23
8916.94
836.79
6019.60
4271.90
4157.55
4110.89
6701.38
9246.86
6576.23
6801.43
126
3026.90
717.23
8001.14
657.98
7090.03
3415.45
8299.92
5183.12
7490.87
1143.62
8574.83
869.18
4729.87
2016.29
3340.10
2005.37
4548.54
3266.11
7993.11
1277.54
4879.76
2219.34
136.05
9523.09
3040.09
7510.45
1910.63
40.12
6109.93
1993.28
8667.34
6212.96
1159.85
3560.40
3920.40
2023.42
558.53
939.03
7440.91
6813.33
8703.95
9084.82
2443.98
5998.91
7978.55
673.38
5470.48
4140.16
4018.34
3549.46
3992.81
2451.21
9141.02
8026.35
8638.78
9392.36
1289.47
6353.28
9783.56
6084.98
7562.03
238.33
9070.91
1892.93
2423.64
1312.12
1059.26
4352.76
2280.90
6157.52
5922.46
9729.79
9176.91
8858.64
2149.85
9625.08
5989.23
3815.29
6073.80
7340.33
5425.99
3235.37
9299.65
7985.16
2195.10
2696.25
3622.60
4726.25
6511.60
4428.44
7596.17
2054.55
2304.13
8522.10
7779.24
5690.35
2439.27
3622.90
7953.56
8742.41
8508.78
9432.46
9795.37
9254.57
4388.56
6556.05
1035.94
5359.88
1199.65
5073.19
893.72
9248.47
9460.15
1303.69
5249.64
9152.24
247.19
4291.73
4817.57
1950.19
6881.47
5754.44
1490.34
5975.62
7949.41
2891.46
7
616.79
9994.76
5311.10
8200.00
3581.15
7701.37
210.95
119
8758.49
2267.62
3203.08
6470.32
3768.25
6513.86
2171.51
3392.64
1091.55
2294.75
4202.67
6423.40
5530.37
1394.00
8875.40
7956.23
2246.89
2300.27
7508.26
2907.09
8239.89
9297.48
6839.38
113.06
8516.78
7003.92
6091.01
661.54
9905.60
7871.96
9512.55
7171.29
7189.53
4880.08
7897.10
6545.15
584.75
9533.47
4854.31
1065.49
1351.95
1817.33
8955.99
9152.33
5143.23
4552.37
5438.05
9300.36
5432.36
7977.20
9665.58
4211.88
2730.95
9772.67
4797.66
8910.41
8211.46
2254.22
3308.74
7524.33
2576.10
8348.43
3548.95
745.52
5546.46
5155.48
200.96
5877.78
7000.72
2453.01
194.40
6480.11
4633.68
146.42
1777.51
376.33
2921.25
5301.79
4459.77
6144.15
5277.31
5550.43
6398.78
5921.46
2521.63
1026.40
5512.47
9686.89
1337.48
3943.74
2685.96
5206.21
2272.87
947.93
3476.48
2109.98
7297.94
3652.47
6794.88
5513.35
7021.77
2619.27
285.28
8044.11
723.97
7438.00
7193.94
1853.09
2482.91
3641.10
5103.85
8294.01
1273.75
6747.06
4232.72
532.32
5141.64
5703.59
302.72
0
