847 892 179
687 947 179
946 960 130
389 918 179
760 958 179
256 477 144
492 996 179
558 758 171
458 817 171
250 781 171
124 786 171
878 951 174
714 829 153
603 912 179
936 984 174
417 796 171
692 783 171
796 810 122
508 866 171
336 753 171
848 963 179
197 549 144
284 337 144
15 990 179
216 693 145
195 227 120
394 895 179
723 806 153
827 923 179
472 814 171
595 816 171
806 836 135
888 926 148
92 531 144
691 754 171
789 912 179
724 849 153
260 478 144
792 810 122
260 652 145
684 966 179
248 517 144
558 892 179
778 915 179
99 606 144
29 167 122
786 893 179
945 951 37
18 502 144
615 685 145
209 600 144
373 432 134
479 541 142
609 687 145
193 738 171
910 991 174
694 966 179
45 939 179
40 545 144
498 963 179
187 932 179
332 412 134
719 902 179
316 440 144
746 952 179
216 404 144
217 612 144
937 968 174
867 962 179
416 962 179
180 711 171
162 900 179
236 740 171
990 997 112
619 630 132
483 812 171
843 971 179
232 551 144
917 993 174
165 238 128
584 958 179
540 814 171
721 936 179
761 821 153
981 983 143
250 782 171
186 946 179
609 694 145
638 691 145
27 543 144
940 963 130
795 891 179
607 954 179
810 997 179
983 986 143
208 787 171
848 912 179
238 961 179
166 311 128
738 882 179
