50

002
421
124
443
615
837
465
392
226
756
138
172
732
408
834
899
100

802
100

592
157
907
272
095
702
165
953
563
509
052
112
624
458
179
956
995
787
802
817
429
080
477
018
526
006
569
300
782
991
375
731
100

619
683
548
615
277
974
877
138
907
383
836
532
987
672
227
731
215
324
749
539
557
055
408
499
214
358
135
372
889
638
914
434
499
616
428
795
876
100

865
453
201
536
018
756
042
337
807
505
040
471
495
414
645
022
199
589
767
509
757
329
154
402
023
236
193
744
173
783
801
052
064
720
570
517
925
342
100

522
178
768
993
421
188
619
572
237
963
298
638
409
946
984
968
304
094
993
810
014
827
982
727
105
014
015
635
850
666
691
762
006
658
715
407
948
592
645
261
769
544
869
037
447
108
485
789
852
652
884
481
071
025
293
873
389
519
718
023
826
821
801
155
259
690
952
589
295
134
737
254
078
730
825
211
914
901
100

671
810
731
803
363
334
788
159
957
516
975
786
371
224
577
700
898
939
470
314
431
283
091
675
097
552
629
844
329
998
273
803
840
166
145
513
259
399
360
009
949
458
962
437
338
979
955
791
907
787
003
100

146
978
898
566
035
770
237
065
094
871
749
508
397
451
961
410
342
862
624
094
030
618
421
732
184
604
887
647
377
295
059
613
897
778
656
006
929
826
079
091
139
034
525
452
226
814
111
130
903
336
100

131
405
985
035
323
714
097
512
112
346
522
996
550
841
054
185
840
525
130
206
080
686
754
821
462
355
147
807
293
850
775
175
339
604
923
479
223
947
077
907
964
552
937
120
260
709
731
864
696
852
222
918
275
106
835
928
679
436
446
198
559
364
100

565
523
008
228
416
914
639
748
211
970
913
568
437
795
690
204
251
417
314
716
603
168
492
114
739
266
897
042
014
412
168
290
848
719
797
583
119
073
235
627
190
060
647
100

478
271
907
597
067
568
315
534
129
515
567
929
100

244
381
772
685
100

371
045
739
009
526
338
193
873
426
805
302
086
015
734
568
100

196
066
863
592
530
458
061
976
176
398
520
952
062
904
974
071
696
190
980
728
321
271
163
580
033
206
095
173
061
452
173
806
482
792
505
638
005
794
185
907
241
533
298
355
334
002
973
645
635
105
373
118
969
867
623
592
899
619
518
117
965
100

227
345
096
314
934
037
359
706
163
888
769
216
707
440
923
254
142
990
217
283
642
087
705
617
203
095
405
014
791
905
347
180
404
377
754
092
457
154
355
080
782
827
962
213
656
220
903
847
349
446
525
654
744
609
663
903
210
111
698
054
958
229
587
814
614
690
421
339
655
536
230
982
630
672
680
100

941
194
359
938
495
585
132
809
939
373
709
791
552
994
134
228
646
302
688
012
036
560
772
609
420
492
253
721
191
811
423
395
678
511
384
100

894
372
041
285
135
393
488
398
993
598
494
133
804
296
920
657
834
224
716
204
955
801
466
445
541
040
100

476
030
846
284
382
304
569
192
184
935
097
724
000
570
262
165
270
643
454
293
418
013
916
456
256
729
076
778
334
525
443
555
366
002
100

320
862
536
645
126
725
200
184
557
296
805
037
824
251
320
701
709
723
591
153
741
103
162
737
233
983
882
656
222
829
877
621
239
392
530
812
207
712
069
107
903
539
088
337
066
014
359
808
106
295
686
931
230
359
673
099
683
141
855
412
092
086
076
532
271
536
018
323
005
949
852
589
086
814
086
645
071
397
868
412
929
116
149
743
399
427
579
022
124
340
346
633
100

028
195
893
395
826
125
308
950
265
670
843
902
826
675
580
404
819
554
644
078
884
112
471
341
192
236
263
951
544
654
460
658
835
686
501
014
978
189
061
100

079
570
288
955
798
963
620
828
380
717
853
397
740
100

681
267
217
679
906
882
789
360
769
636
487
552
144
100

979
544
912
400
580
842
617
100

269
827
648
628
965
915
754
242
712
906
135
558
466
273
330
568
614
498
085
222
437
389
689
725
298
441
962
728
258
403
657
939
298
485
740
111
992
782
152
881
419
482
839
457
943
150
668
156
136
114
114
103
304
147
100

425
427
172
592
115
591
448
989
622
234
999
020
913
812
179
203
270
635
957
883
072
036
953
387
083
079
275
197
464
140
876
767
596
138
525
284
044
375
046
657
854
281
988
044
783
458
661
246
477
266
921
353
560
134
023
180
754
815
352
027
063
774
501
747
315
131
064
180
295
668
825
576
856
578
440
256
276
816
753
829
369
549
513
331
372
816
643
218
267
755
712
110
592
369
633
863
658
337
466
100

505
580
132
094
670
731
095
084
357
905
955
597
248
495
793
375
041
039
083
250
219
769
884
324
901
657
701
180
085
561
197
148
397
474
348
600
693
902
989
700
893
753
606
778
908
070
661
439
618
414
177
991
606
355
465
911
237
554
125
633
520
703
495
949
824
314
373
578
361
600
559
308
184
805
375
479
778
804
225
921
003
721
873
950
560
309
244
461
745
225
860
856
822
278
683
945
605
100

211
119
678
196
735
912
739
263
714
232
951
100

298
688
985
868
616
970
669
333
767
329
447
345
583
965
661
508
549
147
753
762
081
012
255
672
899
668
785
917
530
810
285
008
987
448
111
547
690
840
648
589
088
798
387
110
594
389
480
179
249
100

327
097
571
860
490
982
638
548
031
955
180
065
297
326
192
940
922
059
347
563
135
282
986
986
112
445
360
763
050
136
028
270
915
755
135
371
418
339
900
884
864
204
676
968
639
651
181
874
125
759
302
880
180
928
625
719
986
712
246
812
176
951
872
574
786
018
455
215
722
427
009
856
040
715
509
100
842
292
902
685
316
972
664
211
333
955
210
683
774
997
952
180
855
100

115
349
327
292
919
617
759
346
130
933
516
239
860
504
416
173
967
633
404
948
172
959
900
111
127
017
871
280
953
078
249
442
136
806
455
325
669
256
862
899
721
549
768
753
845
585
852
610
188
186
576
277
335
016
502
663
278
237
881
307
414
870
643
454
307
351
644
679
931
109
657
091
020
317
366
063
907
370
337
100

730
276
565
579
005
443
623
536
002
778
065
252
986
305
617
700
688
723
709
576
045
903
541
078
102
361
172
268
067
928
100

846
756
899
918
128
074
700
043
702
135
230
074
639
971
219
975
407
100

862
436
515
129
288
534
088
859
310
246
012
088
223
490
262
510
291
456
698
145
886
750
396
017
356
209
294
938
463
065
757
777
444
437
917
720
356
160
924
319
398
375
724
616
401
893
890
372
040
734
860
270
110
308
112
684
272
609
519
254
898
906
152
365
489
028
009
721
208
303
200
286
175
100

391
876
765
298
654
458
182
396
098
887
343
057
244
900
782
967
277
353
495
136
901
531
937
982
675
902
256
142
262
509
683
063
457
355
349
989
549
901
825
943
609
590
054
841
925
078
034
230
364
680
971
925
592
327
888
719
143
988
751
067
626
518
935
510
831
791
821
218
940
151
165
922
684
520
902
100

399
445
096
770
193
623
121
479
228
965
330
354
745
679
177
496
626
871
456
165
899
573
362
197
287
542
974
537
895
232
932
769
157
693
980
952
255
569
390
928
007
193
772
499
462
946
035
851
505
723
593
439
844
681
320
586
722
053
776
497
511
643
587
713
045
226
050
699
498
851
141
325
443
495
304
918
185
202
969
190
674
734
365
488
531
022
962
101
649
688
015
813
063
645
688
332
529
100

174
224
382
400
811
275
901
572
923
569
119
402
102
070
178
605
194
653
301
449
781
377
951
763
336
842
739
793
006
407
350
235
260
106
256
221
764
012
584
419
985
973
954
488
071
536
204
826
290
217
575
389
708
732
113
042
021
035
335
372
322
452
927
808
240
477
355
054
674
237
002
152
679
168
776
573
799
100

270
771
987
128
757
047
828
992
947
306
435
469
736
290
672
680
202
073
031
910
364
743
028
873
005
543
407
909
389
608
378
149
042
106
544
911
665
219
704
579
401
597
734
195
784
886
723
079
361
372
643
112
117
779
788
990
118
668
100

393
835
835
342
384
429
085
020
554
209
436
501
543
454
201
523
073
558
925
343
012
745
756
329
215
460
030
014
703
921
547
577
423
176
075
092
989
883
863
037
348
528
559
070
209
503
521
428
852
211
100

649
533
894
901
821
632
484
534
584
535
426
433
330
907
215
163
675
591
632
100
006
577
842
456
184
645
128
225
271
655
285
451
005
693
939
732
196
615
330
285
091
060
860
793
870
042
189
209
997
721
100

777
843
285
068
947
382
751
461
478
910
367
583
466
982
439
309
467
296
047
128
560
989
400
796
239
322
287
100

598
150
361
638
752
504
189
024
555
909
995
474
362
335
143
213
628
385
457
385
568
134
628
692
954
890
257
742
503
816
567
394
937
835
761
543
839
296
781
229
988
672
932
866
931
556
211
444
644
100

885
449
565
683
826
698
656
989
553
910
709
902
909
786
620
471
991
583
561
017
984
516
836
700
040
394
739
787
872
127
591
275
744
537
440
100

054
020
366
491
197
503
693
366
774
217
748
823
461
513
186
678
834
603
525
045
850
870
176
790
137
100

568
250
423
879
532
862
540
272
575
079
873
054
972
854
413
130
028
903
120
258
742
539
063
237
964
702
213
122
349
867
387
313
100

355
332
469
294
164
015
617
088
870
185
000
588
913
974
513
609
146
092
519
249
788
468
062
276
035
182
513
991
884
553
113
568
697
220
056
100

577
635
956
421
115
537
414
243
058
766
754
607
572
757
065
344
877
181
355
034
697
594
184
512
127
911
605
893
393
706
612
503
375
181
795
329
851
532
399
372
919
896
810
505
291
799
255
413
210
965
950
586
164
971
851
078
431
218
105
697
862
476
284
816
780
840
916
273
073
072
453
971
579
256
804
068
912
045
636
830
728
768
341
359
063
614
806
771
712
157
274
000
301
100

230
566
810
456
538
361
730
952
374
372
874
475
460
716
017
757
531
638
601
707
484
190
175
471
757
893
557
853
211
422
241
345
588
525
351
178
690
060
482
455
620
300
367
029
206
244
898
522
905
689
122
953
014
459
519
138
051
239
028
325
896
550
103
051
803
641
542
865
559
911
516
634
611
397
100

208
759
585
574
951
906
291
591
646
470
545
356
755
685
269
168
897
965
909
075
632
199
918
618
194
805
006
708
398
553
277
880
306
138
207
146
817
801
897
676
711
227
965
145
453
103
908
853
494
775
774
224
605
619
897
377
520
968
004
615
821
776
687
107
007
163
385
897
509
780
653
493
863
886
658
603
982
189
414
391
647
321
590
274
196
308
613
550
792
261
974
217
028
317
551
901
290
100

932
440
221
253
997
567
059
389
254
365
417
586
169
826
689
927
585
223
474
278
749
749
276
327
176
197
351
252
481
370
839
937
444
482
006
913
164
324
022
067
299
212
937
564
655
698
951
493
635
488
059
677
383
210
579
274
205
623
538
785
810
038
371
373
004
004
020
052
686
953
381
924
413
139
971
261
358
323
854
680
679
259
427
757
622
624
878
083
194
165
705
927
444
077
761
656
945
100

275
985
455
147
643
813
001
935
420
481
969
769
705
019
682
556
742
265
375
365
644
580
314
888
039
692
837
075
446
348
639
743
535
277
475
020
500
777
643
068
174
870
749
296
980
187
847
358
856
902
660
332
494
091
043
934
138
114
648
716
269
159
100
