10 352
4 5161
6 4872
8 7544
1 416
4 5432
6 4425
6 2132
1 703
3 6885
10 7179
10 6952
4 341
9 4253
7 7431
2 1035
8 2973
2 6098
9 8345
7 2936
7 3187
6 2565
1 8637
4 5114
5 8980
10 108
10 3906
2 3535
5 8897
3 1757
2 8746
3 6358
5 9995
6 4385
5 183
1 8000
1 9816
3 8337
4 4847
5 3761
10 8316
5 1548
2 6153
4 8127
6 7520
1 6943
5 3038
7 4930
5 3503
1 1514
6 4648
2 5970
8 2387
8 5329
3 3717
6 956
9 8028
9 8920
6 3204
10 6061
6 553
10 486
4 4134
7 1380
7 6780
9 8514
6 638
2 1700
5 9801
6 937
9 785
1 5615
5 3079
9 2693
4 8662
7 2555
10 2749
8 1350
3 9015
10 3921
6 8550
10 9229
1 9966
2 9416
1 2701
6 2827
5 1544
6 8846
2 5793
7 726
6 3205
7 703
10 1985
10 4100
4 3205
9 3931
3 4785
8 1774
5 8028
8 980
0 0
