8 3 4 1 7 7 3 2 4
9 9 1 5 6 7 3 8 7 6
10 5 8 7 3 4 7 2 8 10 1
2 1 2
6 3 6 5 1 1 1
3 3 2 3
7 5 3 1 1 4 2 5
7 1 2 2 2 1 4 1
3 2 1 3
6 1 2 1 5 3 6
1 1
10 6 2 5 3 4 7 9 4 3 3
5 3 4 5 4 5
6 6 6 5 2 5 6
10 9 6 4 3 8 9 2 8 9 8
9 1 4 1 4 2 9 1 5 8
3 1 3 2
6 5 3 4 3 6 2
3 1 2 3
3 1 2 3
5 5 2 2 5 1
8 3 1 2 2 3 5 6 7
5 2 1 4 3 1
9 8 4 7 3 6 2 7 1 2
3 2 3 3
6 5 1 3 3 5 3
8 4 7 6 8 3 8 1 4
5 2 4 1 1 5
9 6 6 5 7 5 8 5 3 8
5 3 1 4 1 3
2 1 1
4 2 3 4 2
7 7 6 6 5 1 3 1
6 5 4 6 5 6 2
7 7 7 6 1 3 3 4
4 2 2 3 3
4 2 2 1 3
10 6 1 3 10 2 9 4 8 6 10
7 3 3 6 2 1 2 7
1 1
1 1
6 4 5 4 2 2 6
10 6 2 3 1 6 6 10 7 7 9
9 7 8 6 1 2 2 5 3 4
10 10 3 9 2 8 7 3 10 6 5
6 5 2 3 6 3 3
4 3 2 4 4
10 6 4 10 5 8 3 4 1 10 10
7 5 7 5 4 6 1 5
9 7 8 3 7 6 1 7 1 4
